751 7503 97

100

0 45 37 3
0 111 46 8
0 147 98 3
0 154 54 6
0 224 99 6
0 226 38 8
0 272 13 6
0 294 78 1
0 302 71 1
0 314 68 5
0 317 77 8
0 352 100 9
0 415 60 3
0 416 29 6
0 424 14 6
0 523 41 6
0 568 44 5
0 602 1 7
0 659 42 8
0 660 11 5
0 664 1 4
0 666 46 8
1 4 52 3
1 114 12 9
1 130 11 6
1 143 31 6
1 187 56 4
1 343 41 9
1 407 15 4
1 457 58 1
1 470 73 1
1 485 14 6
1 518 53 6
1 542 53 4
1 559 77 6
1 688 96 4
1 710 92 9
1 720 67 7
2 21 94 3
2 51 40 8
2 61 20 9
2 65 60 5
2 70 9 4
2 236 73 10
2 330 58 2
2 378 24 5
2 417 6 1
2 437 39 2
2 470 25 4
2 504 38 2
2 509 69 3
2 512 39 9
2 551 1 6
2 604 32 8
2 617 74 9
2 622 15 9
2 647 41 3
2 688 95 5
2 700 4 8
2 706 14 7
2 714 14 3
3 39 55 10
3 46 74 6
3 76 42 4
3 136 2 6
3 139 67 7
3 144 84 8
3 152 7 4
3 177 24 2
3 226 81 1
3 227 94 7
3 275 10 9
3 295 49 6
3 296 40 9
3 345 13 5
3 378 7 4
3 442 84 2
3 449 88 6
3 457 68 7
3 474 86 9
3 524 58 8
3 587 5 10
3 607 9 1
3 617 10 7
3 715 14 2
3 720 57 5
4 68 96 2
4 189 73 10
4 198 24 2
4 204 12 5
4 216 88 3
4 221 53 4
4 234 63 8
4 240 85 10
4 250 12 6
4 341 26 5
4 358 96 1
4 377 60 6
4 414 25 8
4 428 90 7
4 433 99 9
4 457 99 5
4 481 12 10
4 502 4 8
4 519 47 6
4 538 39 4
4 554 30 10
4 561 90 5
4 563 94 7
4 636 28 8
4 647 54 4
4 666 41 2
4 683 100 7
4 744 71 4
5 83 85 5
5 87 14 2
5 129 15 1
5 131 92 8
5 139 98 6
5 257 59 4
5 276 81 6
5 335 70 9
5 343 48 5
5 401 28 1
5 456 17 5
5 482 27 2
5 486 9 6
5 496 73 6
5 674 64 5
6 61 4 5
6 63 15 7
6 151 62 9
6 252 69 3
6 255 32 3
6 343 86 2
6 395 18 2
6 436 10 5
6 588 43 5
6 600 42 2
6 686 39 6
6 719 37 4
6 725 23 3
6 743 77 7
6 744 14 2
7 49 50 4
7 109 76 10
7 127 35 3
7 136 30 9
7 158 68 2
7 251 38 5
7 264 15 4
7 279 86 5
7 294 23 5
7 365 96 5
7 408 36 9
7 460 72 1
7 523 98 10
7 533 69 5
7 580 89 5
7 635 53 4
7 642 72 5
7 687 41 8
7 705 1 8
7 727 27 9
8 22 82 4
8 33 55 8
8 46 66 2
8 70 20 1
8 76 46 7
8 86 38 4
8 105 34 1
8 137 38 6
8 149 61 8
8 264 5 9
8 311 6 2
8 322 2 9
8 336 89 4
8 390 89 8
8 413 33 4
8 438 80 2
8 443 65 1
8 482 4 6
8 536 71 10
8 649 28 6
8 675 41 7
8 689 40 1
8 720 52 3
8 733 46 10
8 745 30 9
9 29 74 9
9 156 63 3
9 290 89 4
9 338 15 8
9 368 48 7
9 429 58 4
9 585 98 3
9 603 89 6
9 649 50 1
9 656 35 10
10 12 43 1
10 71 11 2
10 97 3 7
10 116 34 10
10 138 14 1
10 147 11 7
10 170 53 9
10 232 15 7
10 336 40 1
10 380 94 10
10 385 68 5
10 403 42 4
10 462 70 4
10 480 2 3
10 535 82 8
10 600 76 9
10 614 97 10
10 636 15 1
10 723 18 3
10 728 67 6
11 19 61 10
11 29 26 1
11 130 27 1
11 132 91 3
11 137 80 7
11 176 20 10
11 212 14 5
11 217 56 4
11 221 82 9
11 288 83 6
11 325 99 3
11 346 48 2
11 457 45 7
11 604 79 3
11 670 17 9
11 709 67 3
12 53 40 10
12 149 97 6
12 198 42 10
12 202 86 6
12 203 9 1
12 241 69 6
12 283 41 8
12 298 46 9
12 320 57 1
12 371 8 9
12 377 77 3
12 455 36 4
12 495 57 4
12 588 43 10
12 610 45 2
12 685 25 8
13 114 13 3
13 126 11 10
13 138 38 5
13 195 76 8
13 256 57 6
13 286 41 2
13 321 11 2
13 415 82 8
13 482 68 6
13 500 6 2
13 527 43 1
13 583 31 2
13 608 90 4
13 664 22 8
13 708 21 1
13 709 98 8
14 34 52 1
14 194 49 2
14 244 69 1
14 258 47 4
14 270 73 5
14 282 30 6
14 287 27 1
14 313 93 5
14 390 72 8
14 394 72 1
14 410 8 5
14 443 44 8
14 478 20 8
14 489 34 10
14 493 41 8
14 499 24 7
14 555 77 5
14 580 73 8
14 682 44 4
14 707 44 7
15 20 75 8
15 111 3 1
15 167 82 3
15 234 22 3
15 273 58 1
15 300 59 9
15 335 84 8
15 375 13 4
15 403 35 10
15 488 33 3
15 504 6 6
15 743 36 9
16 89 71 2
16 107 28 9
16 147 29 3
16 164 22 4
16 242 46 3
16 275 93 8
16 331 22 4
16 338 84 3
16 388 70 7
16 415 10 10
16 418 3 8
16 440 62 3
16 459 34 6
16 477 94 7
16 637 9 2
16 663 82 4
17 22 79 7
17 46 47 7
17 70 14 5
17 144 6 9
17 167 71 6
17 196 50 9
17 233 80 7
17 241 83 4
17 277 57 1
17 297 50 8
17 310 29 9
17 424 77 5
17 463 25 3
17 468 47 1
17 469 80 5
17 482 15 10
17 483 2 7
17 523 23 4
17 533 55 8
17 551 53 4
17 595 25 1
17 665 100 3
17 674 58 6
17 706 8 6
17 715 100 7
18 84 26 8
18 89 18 3
18 120 76 8
18 159 41 10
18 263 23 6
18 308 27 10
18 363 87 10
18 374 8 1
18 386 18 3
18 415 44 5
18 438 10 8
18 445 48 10
18 470 11 6
18 553 45 7
18 561 91 3
18 655 61 4
18 695 32 6
18 747 79 3
19 59 46 10
19 75 16 3
19 79 60 10
19 82 50 6
19 109 8 9
19 126 31 7
19 156 39 2
19 213 5 7
19 220 99 10
19 256 88 10
19 263 9 2
19 278 95 10
19 286 46 2
19 332 39 10
19 339 93 6
19 464 70 8
19 581 61 7
19 635 43 8
19 650 91 1
19 673 75 1
20 31 55 7
20 58 53 9
20 108 66 1
20 120 88 10
20 152 35 8
20 179 54 3
20 195 92 8
20 197 45 10
20 209 82 6
20 224 14 6
20 243 80 4
20 262 97 6
20 304 41 10
20 333 34 7
20 552 2 1
20 606 38 2
20 635 1 1
20 698 48 5
20 741 90 3
21 22 54 8
21 52 15 8
21 75 47 3
21 84 7 10
21 111 68 1
21 129 13 1
21 169 1 8
21 191 20 4
21 238 19 6
21 247 19 7
21 504 56 8
21 505 77 10
21 548 50 4
21 573 73 3
21 725 38 9
21 730 37 6
22 25 35 5
22 100 75 10
22 116 58 8
22 147 85 6
22 180 95 8
22 182 18 10
22 203 33 8
22 224 37 9
22 237 44 3
22 248 27 8
22 292 16 5
22 353 64 1
22 371 8 9
22 394 72 8
22 420 57 4
22 441 47 4
22 450 69 10
22 470 86 5
22 483 18 9
22 502 22 7
22 710 79 3
23 118 64 10
23 171 21 9
23 175 23 4
23 276 64 8
23 285 70 1
23 306 46 7
23 322 38 8
23 348 15 2
23 356 67 5
23 373 27 5
23 566 57 3
23 609 85 6
23 619 46 10
23 621 39 6
23 626 80 3
23 653 58 2
24 38 72 4
24 42 94 1
24 119 40 2
24 150 63 9
24 157 65 6
24 230 17 8
24 240 30 1
24 254 83 5
24 255 99 2
24 261 83 7
24 481 99 7
24 485 87 2
24 548 99 10
24 717 50 4
25 35 48 8
25 55 76 3
25 207 39 6
25 319 77 10
25 327 98 9
25 393 42 2
25 425 72 8
25 454 48 2
25 471 90 7
25 530 8 1
25 545 23 3
25 563 4 3
25 618 86 7
25 627 70 1
25 638 40 1
25 658 50 6
25 698 66 10
25 705 100 3
25 707 78 9
25 711 52 1
25 718 33 7
25 727 81 5
26 40 77 7
26 64 74 2
26 73 72 8
26 82 11 6
26 203 46 7
26 304 46 2
26 356 3 5
26 415 43 5
26 469 26 7
26 470 70 4
26 471 7 7
26 477 87 1
26 577 99 1
26 684 97 4
27 80 37 2
27 137 78 1
27 212 68 8
27 213 94 9
27 237 53 9
27 253 15 10
27 257 33 10
27 261 79 5
27 267 83 8
27 337 51 7
27 397 93 6
27 449 64 6
27 454 93 10
27 471 41 5
27 488 43 1
27 489 29 9
27 508 59 6
27 606 20 6
27 624 34 5
27 693 52 7
27 706 45 3
27 745 87 1
28 37 16 8
28 38 34 8
28 48 17 2
28 67 99 6
28 107 34 10
28 150 12 6
28 198 14 2
28 207 91 7
28 229 98 2
28 243 47 1
28 249 68 7
28 267 2 6
28 281 40 10
28 356 28 5
28 452 9 5
28 470 87 5
28 482 77 2
28 517 40 5
28 557 33 7
28 596 13 6
28 600 39 7
28 629 31 10
29 148 84 7
29 259 7 4
29 270 30 2
29 281 42 6
29 287 5 10
29 289 87 9
29 297 53 2
29 304 48 10
29 413 93 5
29 436 56 2
29 439 67 9
29 447 49 7
29 488 11 2
29 505 47 7
29 571 78 6
29 599 15 7
29 669 62 2
29 671 100 5
29 735 40 8
30 146 13 4
30 153 42 7
30 171 78 10
30 253 47 6
30 307 5 9
30 362 45 2
30 368 90 3
30 403 69 7
30 411 53 1
30 413 43 10
30 444 97 2
30 513 50 4
30 625 64 3
30 653 6 4
30 658 74 7
31 143 48 10
31 148 98 1
31 173 21 5
31 215 68 1
31 241 23 8
31 242 43 8
31 250 43 7
31 344 31 7
31 351 4 8
31 367 8 2
31 400 39 9
31 491 70 10
31 538 52 4
31 557 41 9
31 662 65 10
31 681 32 8
32 84 30 10
32 88 55 3
32 112 34 5
32 234 12 8
32 271 26 7
32 282 58 2
32 298 20 7
32 305 32 1
32 381 83 10
32 398 64 4
32 450 93 3
32 478 28 5
32 485 64 2
32 528 38 6
32 552 69 8
32 576 72 5
32 597 26 1
32 613 49 3
32 633 68 4
32 645 17 2
32 663 62 3
32 712 85 6
32 731 43 8
32 732 58 2
33 37 93 7
33 68 77 4
33 72 96 1
33 96 30 5
33 148 89 2
33 169 26 9
33 188 12 4
33 210 23 7
33 255 66 3
33 268 30 10
33 334 13 1
33 371 36 1
33 407 61 5
33 416 59 2
33 427 84 8
33 468 65 8
33 510 24 8
33 521 75 8
33 531 37 6
33 555 76 1
33 630 11 8
33 647 41 4
33 692 45 8
33 696 24 5
33 749 51 7
34 54 14 7
34 68 31 5
34 74 12 6
34 80 26 4
34 94 82 10
34 113 30 10
34 132 1 8
34 134 38 10
34 152 41 8
34 225 51 1
34 227 51 3
34 253 88 10
34 254 38 4
34 287 67 3
34 295 93 6
34 417 81 9
34 436 17 5
34 451 29 5
34 495 57 7
34 508 35 7
34 551 58 4
34 591 76 3
34 628 31 1
34 665 57 7
34 698 1 3
35 83 38 6
35 117 40 8
35 193 90 1
35 246 76 4
35 313 5 7
35 360 78 10
35 373 90 1
35 378 51 6
35 391 37 2
35 435 9 1
35 448 86 5
35 460 10 1
35 469 69 10
35 488 32 8
35 533 87 9
35 541 65 6
35 589 57 1
35 621 52 6
35 651 66 5
35 661 41 8
35 689 29 4
35 706 32 3
35 717 85 7
35 737 67 9
36 44 27 5
36 107 53 8
36 137 96 3
36 181 9 6
36 236 14 6
36 296 10 3
36 305 89 1
36 335 92 7
36 371 19 8
36 375 48 2
36 460 54 2
36 500 87 9
36 564 91 5
36 583 61 7
36 710 1 1
37 44 34 8
37 62 81 3
37 152 3 5
37 154 43 5
37 183 19 6
37 195 80 1
37 236 16 4
37 261 62 5
37 372 28 4
37 387 16 9
37 394 3 5
37 409 18 1
37 416 18 10
37 442 71 5
37 491 19 4
37 509 95 8
37 584 13 10
37 607 53 7
37 723 45 8
38 108 18 9
38 154 13 3
38 174 34 2
38 218 58 3
38 235 40 6
38 244 1 9
38 248 29 8
38 279 5 1
38 355 98 8
38 461 28 7
38 465 46 3
38 527 94 4
38 573 64 4
38 618 80 1
38 620 67 2
38 654 23 7
38 659 22 4
38 695 71 5
38 737 6 9
39 57 97 2
39 79 15 2
39 80 30 7
39 83 95 7
39 135 81 10
39 136 99 9
39 155 74 10
39 165 60 9
39 199 9 3
39 200 99 6
39 295 84 3
39 300 51 2
39 367 64 2
39 403 27 6
39 426 19 9
39 457 65 5
39 515 94 4
39 557 12 3
39 575 50 5
39 616 19 3
39 667 10 8
40 148 90 3
40 310 3 8
40 348 10 9
40 352 21 1
40 356 20 5
40 429 57 8
40 484 53 9
40 539 59 5
40 559 30 7
40 563 39 4
40 614 32 6
40 648 88 8
40 659 91 10
40 661 73 2
40 728 14 5
41 45 98 7
41 60 12 1
41 65 10 2
41 112 37 7
41 155 69 1
41 181 72 1
41 186 63 2
41 188 16 10
41 229 15 7
41 232 76 6
41 270 75 9
41 337 72 10
41 438 25 9
41 440 47 7
41 452 91 4
41 460 88 8
41 463 29 6
41 470 75 4
41 500 76 10
41 599 50 7
41 609 89 8
41 675 65 3
41 706 33 8
41 720 97 9
41 737 45 2
42 137 25 6
42 150 92 3
42 218 62 10
42 271 47 3
42 358 63 5
42 394 2 9
42 461 47 8
42 513 79 6
42 521 16 3
42 539 35 2
42 583 7 9
42 593 89 9
42 621 21 8
42 634 86 9
42 671 74 10
42 735 21 10
42 739 8 2
42 740 51 3
43 67 45 9
43 73 38 6
43 83 15 6
43 105 41 1
43 108 53 9
43 115 25 2
43 194 5 6
43 243 27 3
43 246 1 8
43 312 97 6
43 353 44 7
43 371 16 5
43 378 50 1
43 463 94 7
43 497 57 2
43 541 38 6
43 607 97 10
43 627 81 10
43 637 12 5
43 742 39 8
44 146 74 7
44 149 40 1
44 192 62 2
44 201 76 2
44 205 68 2
44 302 78 3
44 305 29 9
44 339 1 9
44 377 54 9
44 417 60 7
44 520 63 2
44 538 59 4
44 544 60 1
44 548 9 8
44 563 56 4
44 603 46 4
44 658 72 2
44 704 30 9
44 745 67 5
45 65 91 7
45 106 89 9
45 158 46 7
45 179 39 1
45 221 79 6
45 243 76 3
45 251 60 8
45 313 45 1
45 351 41 4
45 384 82 9
45 446 59 10
45 524 70 1
45 582 4 9
45 599 78 3
45 673 43 3
45 737 7 8
46 79 25 7
46 141 1 10
46 157 21 8
46 188 8 9
46 196 74 10
46 221 73 9
46 237 44 8
46 257 22 9
46 292 60 1
46 386 71 5
46 395 36 3
46 419 72 4
46 462 21 2
46 485 92 3
46 589 10 4
46 592 40 6
46 661 70 2
46 679 40 4
46 703 68 4
47 86 70 6
47 151 23 4
47 164 3 5
47 215 23 7
47 255 70 2
47 266 89 9
47 275 59 3
47 315 99 8
47 393 73 7
47 398 14 6
47 441 26 4
47 451 25 1
47 508 83 7
47 602 70 7
47 610 22 2
47 702 39 5
48 84 39 10
48 341 75 7
48 547 47 10
48 562 44 6
48 573 28 5
48 604 13 9
48 624 42 1
48 643 21 10
48 645 45 8
48 697 53 8
48 708 32 1
48 719 77 4
48 740 57 3
49 67 53 8
49 87 53 1
49 185 2 10
49 241 12 3
49 276 7 9
49 294 63 10
49 306 72 7
49 350 96 6
49 405 69 10
49 484 83 7
49 533 19 8
49 664 34 8
49 706 99 7
50 68 31 6
50 81 50 10
50 123 65 6
50 175 4 5
50 265 81 1
50 290 68 1
50 345 16 2
50 383 94 1
50 404 28 2
50 527 99 7
50 598 45 9
50 686 58 1
50 721 46 1
50 749 24 9
51 53 25 3
51 138 63 8
51 141 99 2
51 142 96 3
51 148 56 2
51 185 64 10
51 195 49 7
51 248 48 10
51 258 20 8
51 261 74 7
51 279 9 2
51 434 1 6
51 450 77 4
51 487 86 7
51 494 37 5
51 513 44 10
51 520 87 9
51 538 86 4
51 629 82 9
51 649 56 2
52 53 95 2
52 92 54 8
52 141 18 1
52 145 92 10
52 178 44 3
52 196 9 5
52 269 12 9
52 319 47 4
52 403 97 3
52 405 9 2
52 502 7 2
52 527 10 10
52 528 71 6
52 553 46 5
52 687 80 3
52 726 8 9
53 67 11 4
53 70 53 5
53 103 39 6
53 111 70 4
53 118 85 6
53 146 55 8
53 232 8 2
53 240 30 6
53 294 25 4
53 374 4 9
53 417 87 4
53 419 94 5
53 428 95 6
53 450 75 7
53 477 12 10
53 553 15 5
54 57 73 4
54 71 51 7
54 95 44 6
54 137 17 10
54 163 93 8
54 197 7 3
54 274 90 1
54 275 8 8
54 296 13 4
54 319 90 1
54 332 41 2
54 340 33 1
54 372 54 8
54 384 74 9
54 411 14 8
54 539 27 9
54 552 39 5
54 574 63 3
54 594 35 6
54 595 73 10
54 634 54 9
54 693 76 2
55 71 49 9
55 77 97 8
55 112 85 4
55 139 73 1
55 147 15 3
55 162 13 5
55 325 80 8
55 365 99 4
55 464 69 3
55 497 26 8
55 503 84 2
55 537 50 6
55 540 49 10
55 618 1 3
55 709 26 6
55 719 56 7
56 75 15 9
56 103 59 7
56 147 26 7
56 172 71 8
56 191 15 2
56 204 62 6
56 312 53 10
56 350 74 7
56 355 24 10
56 361 42 9
56 468 56 5
56 538 49 2
56 547 55 10
56 564 96 3
56 574 20 9
56 585 24 5
56 643 38 8
56 731 70 4
57 59 46 4
57 61 20 6
57 110 51 9
57 141 74 4
57 251 39 10
57 258 40 4
57 303 51 9
57 370 91 5
57 377 80 9
57 395 26 10
57 477 14 4
57 526 9 6
57 551 69 4
57 568 34 7
57 601 4 9
57 652 60 5
57 748 52 4
58 68 52 5
58 146 76 2
58 169 56 2
58 178 94 9
58 179 42 5
58 183 14 6
58 190 79 2
58 229 26 3
58 244 6 2
58 247 79 7
58 275 80 7
58 301 65 1
58 318 28 3
58 345 37 3
58 590 25 7
58 618 30 2
58 644 12 3
58 648 4 3
58 651 93 10
58 673 94 5
58 677 76 4
58 690 44 8
59 134 54 1
59 157 9 4
59 245 93 10
59 265 97 3
59 315 75 3
59 359 59 5
59 407 55 9
59 458 17 3
59 490 45 4
59 549 51 4
59 612 42 9
59 622 30 3
59 651 65 10
59 661 70 9
59 665 35 8
60 131 37 9
60 155 36 4
60 222 5 10
60 313 34 5
60 329 1 7
60 460 67 6
60 466 82 2
60 507 20 1
60 543 52 3
60 578 69 7
60 631 95 4
60 644 46 1
60 685 87 6
60 722 60 3
61 123 1 10
61 197 29 3
61 200 19 5
61 209 94 2
61 218 37 9
61 224 73 9
61 270 61 4
61 313 24 9
61 323 11 6
61 364 46 9
61 386 97 1
61 414 45 7
61 440 8 3
61 492 19 4
61 623 17 7
61 652 32 3
62 117 1 6
62 153 49 10
62 157 4 3
62 292 95 6
62 310 11 6
62 312 65 9
62 314 17 8
62 353 8 7
62 368 35 1
62 425 80 8
62 431 65 2
62 470 70 5
62 509 75 7
62 544 43 5
62 604 62 2
62 662 83 2
62 680 41 9
63 64 73 8
63 77 39 10
63 131 67 1
63 166 52 10
63 191 23 4
63 203 12 7
63 288 98 4
63 300 1 4
63 319 82 2
63 327 17 5
63 362 70 5
63 417 72 4
63 459 15 9
63 465 61 4
63 469 98 5
63 537 13 10
63 551 78 10
63 620 32 4
63 689 89 9
64 125 96 7
64 145 11 7
64 200 87 7
64 219 16 4
64 244 94 1
64 251 65 6
64 286 2 7
64 291 95 3
64 340 5 7
64 343 12 3
64 472 30 9
64 484 6 5
64 645 75 6
64 679 68 7
64 734 98 6
65 105 82 9
65 155 79 3
65 184 100 2
65 194 41 1
65 276 51 8
65 285 48 3
65 286 49 7
65 291 85 1
65 316 12 1
65 334 18 10
65 397 52 9
65 428 87 3
65 440 64 5
65 443 32 1
65 528 54 7
65 586 51 4
65 598 91 8
65 614 61 9
65 625 61 7
65 665 23 2
65 674 89 4
65 681 81 5
66 74 92 2
66 92 28 8
66 94 9 5
66 154 96 8
66 155 5 2
66 179 13 3
66 191 3 3
66 231 34 10
66 254 11 3
66 428 98 1
66 446 42 1
66 463 61 8
66 470 19 9
66 471 12 10
66 479 53 10
66 500 15 2
66 503 73 1
66 504 77 10
66 510 70 9
66 513 89 2
66 559 100 2
66 587 49 6
66 590 76 10
66 696 11 10
66 728 43 2
67 75 89 5
67 109 26 1
67 122 42 1
67 239 78 1
67 282 34 5
67 307 94 4
67 327 78 5
67 374 65 6
67 377 44 5
67 389 81 3
67 425 88 4
67 436 45 2
67 529 83 1
67 549 37 5
67 557 95 1
67 563 46 8
67 576 31 6
67 602 38 10
67 603 20 8
67 608 2 5
67 652 37 2
67 694 87 9
68 70 95 7
68 87 95 2
68 94 14 1
68 101 68 7
68 108 51 9
68 138 89 9
68 143 99 9
68 204 54 7
68 268 38 10
68 275 96 6
68 295 44 4
68 303 76 4
68 331 29 9
68 332 29 4
68 352 18 6
68 371 91 1
68 401 50 10
68 451 62 8
68 507 56 4
68 560 70 1
68 567 32 4
68 628 77 2
68 669 71 2
68 676 12 2
68 730 69 5
69 178 50 1
69 182 5 9
69 262 1 2
69 306 38 2
69 309 89 5
69 319 7 2
69 333 22 4
69 334 62 8
69 392 92 8
69 452 61 4
69 522 30 7
69 563 35 4
69 565 92 4
69 566 53 10
69 603 84 5
69 651 53 3
69 741 34 10
70 103 72 1
70 127 70 3
70 179 48 7
70 182 41 2
70 217 37 10
70 230 3 8
70 304 51 7
70 342 99 2
70 347 24 9
70 409 40 4
70 420 43 4
70 426 55 3
70 552 48 2
70 559 41 9
70 571 57 9
70 580 24 3
70 639 76 6
70 670 30 9
70 680 69 7
70 684 44 7
70 691 62 7
70 703 74 10
71 84 2 10
71 107 13 5
71 135 12 2
71 263 89 9
71 305 51 9
71 315 69 10
71 366 98 1
71 390 27 4
71 395 65 9
71 401 86 9
71 463 47 7
71 606 28 8
71 674 52 1
71 700 30 3
71 715 35 9
71 716 12 1
72 73 28 4
72 115 37 10
72 152 47 3
72 171 97 10
72 179 33 2
72 197 46 5
72 200 47 4
72 342 62 8
72 376 68 5
72 383 33 2
72 395 2 2
72 445 63 6
72 537 4 6
72 557 82 4
72 580 81 2
72 604 5 5
72 645 30 1
72 684 51 9
72 710 17 2
73 98 9 7
73 138 46 1
73 165 34 4
73 188 55 1
73 230 73 4
73 269 29 1
73 324 87 4
73 452 3 7
73 523 62 5
73 539 36 6
73 567 46 6
73 621 84 10
73 665 43 10
73 691 89 7
73 692 31 8
73 699 24 1
74 88 90 7
74 93 20 10
74 98 82 5
74 102 71 4
74 126 55 5
74 176 48 5
74 202 90 3
74 248 33 6
74 267 70 10
74 305 71 5
74 316 78 6
74 344 86 10
74 499 18 5
74 508 98 9
74 522 41 4
74 537 61 10
74 583 63 9
74 585 18 1
74 704 60 4
74 709 6 7
75 99 67 4
75 102 33 1
75 112 66 5
75 118 1 6
75 132 88 9
75 287 48 9
75 324 95 3
75 381 7 7
75 450 86 1
75 454 97 5
75 470 93 8
75 483 21 4
75 518 94 9
75 531 3 2
75 584 62 8
75 614 100 2
75 624 98 3
75 633 41 8
75 636 36 3
75 637 88 4
75 707 83 6
75 720 89 10
75 721 64 4
76 117 48 8
76 162 29 2
76 170 39 10
76 213 60 3
76 231 28 10
76 393 17 8
76 425 89 10
76 505 45 2
76 568 99 8
76 579 16 9
76 586 93 1
76 617 52 7
76 624 19 2
76 644 64 10
76 651 34 1
76 739 69 2
77 84 49 10
77 97 92 9
77 98 88 1
77 107 44 3
77 118 8 7
77 185 72 4
77 237 83 5
77 244 66 8
77 262 76 5
77 322 52 3
77 340 47 10
77 358 19 4
77 361 84 5
77 450 39 7
77 457 70 8
77 468 56 2
77 476 86 8
77 500 35 4
77 529 25 3
77 531 36 7
77 605 41 1
77 614 92 5
77 646 9 10
77 705 28 4
77 712 62 9
77 728 67 8
77 736 69 4
78 96 70 6
78 112 11 7
78 241 66 5
78 465 67 6
78 521 40 5
78 554 57 10
78 588 78 7
78 675 77 9
78 748 26 9
78 749 31 2
78 750 62 2
79 111 11 2
79 145 94 9
79 170 23 4
79 177 3 7
79 323 97 6
79 409 43 5
79 431 9 1
79 478 91 3
79 511 57 5
79 513 34 4
79 545 21 10
79 548 24 8
79 589 67 6
79 592 71 8
79 716 7 10
79 738 14 2
80 106 22 4
80 117 80 2
80 139 43 8
80 188 5 9
80 281 42 8
80 305 23 2
80 321 88 4
80 343 13 4
80 444 97 4
80 456 35 10
80 496 95 9
80 537 26 1
80 545 79 2
80 547 81 6
80 593 49 7
80 617 56 5
80 652 68 1
81 97 88 2
81 225 29 8
81 285 21 10
81 318 68 5
81 403 32 9
81 448 7 3
81 540 94 6
82 123 78 8
82 152 36 5
82 238 63 7
82 261 83 6
82 263 43 4
82 301 38 4
82 407 87 8
82 581 45 10
82 693 93 10
82 732 75 1
82 733 65 3
82 739 80 4
83 128 98 1
83 140 92 3
83 153 48 8
83 181 90 6
83 189 4 2
83 259 40 7
83 267 12 3
83 270 82 2
83 312 83 5
83 340 40 2
83 351 71 4
83 544 13 5
83 572 50 7
83 592 80 1
83 606 64 6
83 623 85 1
83 627 85 4
83 633 40 3
83 673 74 9
83 686 29 10
83 716 3 10
83 732 23 5
83 733 54 6
84 126 76 6
84 156 53 8
84 162 38 10
84 174 54 8
84 250 65 6
84 255 42 8
84 281 17 4
84 293 43 7
84 297 71 8
84 334 92 9
84 351 18 10
84 373 23 3
84 480 27 4
84 488 77 2
84 495 14 7
84 617 53 2
84 655 69 6
84 709 83 3
84 712 64 3
84 729 36 1
85 99 48 4
85 104 32 6
85 170 32 7
85 177 3 8
85 210 31 8
85 223 16 6
85 276 59 7
85 287 85 6
85 379 81 5
85 395 91 6
85 425 48 1
85 458 8 4
85 476 53 10
85 563 1 7
85 578 98 9
85 584 2 9
85 588 41 9
86 184 85 4
86 199 76 2
86 244 54 1
86 295 100 3
86 301 78 9
86 316 23 10
86 342 38 4
86 439 66 6
86 490 86 8
86 504 15 4
86 513 75 1
86 522 63 9
86 532 60 4
86 582 39 1
86 586 8 8
86 594 95 3
86 617 36 10
86 620 61 10
86 629 18 8
87 90 70 6
87 94 52 9
87 101 87 7
87 219 34 6
87 336 43 2
87 376 26 9
87 378 52 9
87 416 37 5
87 510 7 7
87 564 71 7
87 566 13 5
87 586 8 5
87 589 19 5
87 598 38 5
87 648 38 1
87 710 36 6
88 141 39 10
88 158 65 3
88 262 55 1
88 272 80 3
88 276 15 7
88 333 41 5
88 346 56 8
88 366 4 5
88 375 51 6
88 543 71 10
88 581 84 1
88 609 47 1
88 632 83 9
88 648 14 8
88 680 94 4
88 699 47 7
88 719 33 3
88 729 28 3
88 742 82 4
89 124 89 3
89 142 4 2
89 213 47 6
89 220 74 9
89 255 36 4
89 308 13 2
89 318 71 9
89 376 6 9
89 397 14 1
89 459 89 7
89 465 36 7
89 510 68 4
89 574 3 10
89 731 89 10
89 738 7 4
89 744 66 5
90 112 4 7
90 141 32 2
90 194 43 4
90 204 89 8
90 210 43 4
90 219 7 8
90 238 76 9
90 359 83 5
90 368 9 3
90 373 14 5
90 435 31 6
90 463 44 1
90 479 98 1
90 480 58 8
90 484 43 9
90 532 22 10
90 566 91 3
90 644 50 7
90 645 95 10
90 651 90 5
90 686 29 9
90 718 51 5
91 295 58 2
91 297 100 10
91 339 30 2
91 432 31 10
91 499 42 1
91 502 43 6
91 509 8 7
91 516 42 3
91 552 54 2
91 565 73 8
91 579 100 4
91 651 24 2
91 667 20 6
91 678 98 6
91 680 95 8
91 733 30 3
92 140 42 3
92 199 23 6
92 224 23 6
92 228 81 8
92 242 92 8
92 261 80 9
92 273 98 10
92 278 76 6
92 299 78 8
92 414 81 7
92 484 6 8
92 485 71 10
92 498 93 10
92 504 45 6
92 588 32 9
92 599 71 7
92 616 97 5
92 630 97 9
92 640 14 7
92 658 2 9
93 270 82 3
93 294 43 9
93 295 81 5
93 327 34 9
93 367 99 3
93 392 91 3
93 405 99 7
93 462 44 8
93 550 25 1
93 635 40 2
93 643 3 3
93 716 67 1
94 104 90 7
94 139 95 5
94 189 6 3
94 417 55 8
94 439 56 3
94 472 40 6
94 491 62 9
94 500 91 1
94 573 3 9
94 631 100 1
94 638 69 7
94 645 70 1
94 662 18 6
94 715 43 7
95 118 73 10
95 134 85 9
95 182 42 6
95 200 9 8
95 271 93 7
95 301 98 3
95 374 93 6
95 401 22 6
95 411 77 4
95 452 2 6
95 523 100 3
95 531 40 3
95 566 55 7
95 585 2 6
95 664 44 9
95 685 8 5
96 159 64 2
96 204 51 1
96 266 26 2
96 344 30 4
96 366 28 8
96 420 27 5
96 489 80 7
96 498 67 2
96 505 11 10
96 517 89 5
96 552 25 4
96 561 72 10
96 591 55 8
96 724 76 5
96 730 38 1
96 736 51 4
96 745 2 10
97 122 1 8
97 149 91 6
97 208 71 7
97 209 87 5
97 216 87 9
97 259 83 2
97 263 67 5
97 273 6 3
97 278 24 3
97 302 19 9
97 475 64 6
97 497 83 3
97 567 61 10
97 629 38 8
97 654 23 8
97 672 95 2
97 687 13 8
97 692 60 3
98 106 20 6
98 235 50 9
98 238 80 10
98 271 84 3
98 367 45 10
98 386 60 9
98 404 52 8
98 450 59 1
98 478 67 4
98 489 76 3
98 601 9 1
98 622 31 4
98 643 18 8
98 663 18 3
98 736 73 4
98 749 19 9
99 132 37 8
99 138 12 8
99 160 73 1
99 170 89 1
99 228 33 2
99 241 45 9
99 296 85 4
99 307 71 3
99 339 7 4
99 350 60 6
99 351 78 2
99 360 58 8
99 380 14 3
99 439 77 1
99 499 100 3
99 575 35 1
99 592 28 1
99 596 65 6
99 688 62 3
99 713 26 2
100 148 67 2
100 187 66 6
100 189 6 2
100 190 6 9
100 200 55 3
100 208 53 4
100 213 54 1
100 227 81 8
100 378 13 4
100 493 13 2
100 579 11 3
100 599 16 1
100 602 77 5
100 641 77 3
100 675 94 6
100 689 59 7
101 104 48 7
101 131 74 5
101 149 45 6
101 153 6 1
101 184 91 10
101 192 49 10
101 244 55 1
101 245 44 2
101 257 63 8
101 415 45 1
101 425 27 2
101 482 92 1
101 499 5 10
101 548 31 6
101 592 41 7
101 606 55 6
101 628 50 3
101 638 85 5
101 668 16 7
101 680 92 3
101 694 8 6
101 733 17 5
101 737 82 2
101 740 62 1
102 114 100 4
102 202 95 9
102 224 88 3
102 229 8 9
102 253 26 1
102 254 56 6
102 258 42 6
102 303 86 7
102 305 50 9
102 340 85 3
102 368 13 5
102 379 81 2
102 527 98 8
102 580 23 3
102 585 27 10
102 587 27 9
102 602 91 2
102 621 35 5
102 675 99 9
102 697 78 8
103 150 86 4
103 232 35 3
103 254 17 9
103 266 98 7
103 268 94 4
103 276 25 2
103 309 20 8
103 351 12 7
103 380 43 7
103 383 84 2
103 409 9 9
103 480 47 6
103 486 70 7
103 519 14 4
103 523 12 1
103 532 53 1
103 558 42 3
103 559 95 5
103 575 3 3
103 608 79 2
103 636 18 1
103 681 60 10
103 730 57 1
104 115 54 9
104 189 39 5
104 232 77 2
104 328 15 6
104 363 43 3
104 386 64 1
104 437 73 2
104 464 76 4
104 505 60 9
104 513 70 4
104 553 7 7
104 564 5 10
104 629 52 10
104 675 95 9
104 722 36 2
105 181 77 2
105 301 19 3
105 350 36 2
105 362 100 2
105 442 7 10
105 506 68 3
105 578 83 4
105 587 67 1
105 613 62 6
105 659 83 8
105 675 67 10
106 171 8 5
106 295 17 6
106 305 17 4
106 395 5 1
106 417 59 3
106 420 19 8
106 460 96 3
106 464 96 4
106 508 98 9
106 580 22 6
106 671 2 2
107 133 75 10
107 151 37 4
107 157 44 2
107 163 6 8
107 201 97 8
107 269 42 1
107 354 22 8
107 383 37 2
107 512 50 4
107 561 43 3
107 562 44 9
107 589 78 7
107 706 100 3
107 715 61 7
108 143 31 5
108 163 2 7
108 168 74 8
108 185 14 8
108 210 85 4
108 227 37 2
108 244 75 9
108 260 36 2
108 338 9 2
108 352 87 6
108 414 20 4
108 446 34 1
108 448 65 2
108 528 54 8
108 551 59 2
108 611 42 7
108 674 15 3
108 710 43 4
109 177 1 2
109 218 86 5
109 221 52 3
109 224 2 5
109 226 13 10
109 252 40 4
109 262 44 6
109 315 44 2
109 366 21 8
109 368 19 6
109 582 23 7
109 583 58 8
109 722 22 3
110 127 27 5
110 144 50 6
110 186 64 3
110 198 50 8
110 209 99 9
110 210 18 3
110 231 98 9
110 246 28 9
110 337 20 9
110 441 41 7
110 554 44 6
110 584 99 7
110 618 93 6
110 667 44 4
110 670 18 4
110 704 89 9
110 718 16 4
110 727 40 7
111 128 5 2
111 151 9 4
111 266 28 8
111 381 42 4
111 388 32 6
111 409 35 3
111 459 5 8
111 463 86 9
111 472 57 4
111 512 70 4
111 540 95 8
111 541 95 6
111 567 46 4
111 593 45 8
111 594 42 3
111 708 100 6
111 720 65 1
111 739 45 1
112 136 38 9
112 155 77 6
112 159 13 3
112 165 78 5
112 227 34 8
112 278 1 6
112 282 63 5
112 332 66 10
112 352 34 3
112 372 7 9
112 416 11 2
112 470 11 4
112 488 81 1
112 526 37 6
112 557 63 9
112 574 25 3
112 587 9 10
112 639 9 7
112 688 44 1
112 711 96 7
112 713 18 4
112 744 56 2
113 116 33 8
113 202 78 9
113 208 43 3
113 216 92 5
113 225 81 4
113 252 73 9
113 263 28 8
113 264 57 7
113 274 65 9
113 299 39 5
113 313 67 6
113 334 56 3
113 394 30 10
113 418 48 9
113 457 59 10
113 517 50 10
113 526 61 10
113 539 11 1
113 575 69 7
113 599 55 2
113 621 76 3
113 632 30 5
113 710 96 4
113 720 69 6
113 742 63 6
114 115 73 5
114 165 92 5
114 196 42 8
114 230 36 2
114 241 76 1
114 353 100 5
114 385 48 6
114 399 43 4
114 489 65 8
114 571 20 8
114 723 35 6
115 206 51 4
115 267 69 8
115 270 15 10
115 297 19 1
115 377 50 10
115 404 33 10
115 501 53 6
115 671 93 3
116 158 82 4
116 161 54 5
116 219 29 6
116 266 86 1
116 384 29 1
116 420 37 7
116 429 17 6
116 488 39 6
116 685 74 9
116 699 29 8
116 724 20 7
116 726 7 3
116 736 63 3
117 168 12 1
117 229 72 1
117 248 93 10
117 290 9 2
117 309 35 6
117 325 70 2
117 353 20 6
117 409 22 7
117 410 35 10
117 452 50 10
117 474 57 4
117 509 24 1
117 535 91 8
117 583 81 3
117 602 98 1
117 638 43 1
117 674 36 3
117 689 64 9
117 732 93 2
118 121 2 7
118 122 69 10
118 185 72 8
118 186 21 9
118 207 57 5
118 214 22 8
118 245 63 9
118 334 83 5
118 366 78 2
118 422 23 4
118 471 30 7
118 484 39 1
118 511 98 3
118 536 58 8
118 577 70 9
118 603 76 6
118 604 45 5
118 614 70 2
118 619 77 4
118 681 79 3
118 693 22 8
118 742 15 7
119 122 13 8
119 155 51 3
119 211 59 1
119 230 32 7
119 376 30 6
119 400 90 5
119 413 48 5
119 444 16 10
119 448 56 3
119 484 97 5
119 506 12 3
119 531 11 8
119 558 32 4
119 561 61 3
119 606 12 10
119 646 55 10
119 653 62 7
119 663 10 7
120 121 46 9
120 182 10 4
120 213 8 2
120 219 11 6
120 264 77 5
120 309 89 2
120 327 12 5
120 369 21 1
120 518 50 8
120 563 100 2
120 647 21 3
120 700 96 9
120 721 44 10
120 743 88 4
121 137 24 5
121 227 67 4
121 231 76 10
121 234 1 7
121 276 78 10
121 292 2 5
121 302 84 8
121 380 27 5
121 416 63 3
121 441 4 10
121 538 21 8
121 559 33 5
121 673 74 10
121 705 69 10
122 155 76 9
122 228 94 4
122 233 6 3
122 237 42 5
122 263 62 4
122 367 94 8
122 370 43 5
122 414 1 1
122 449 18 9
122 476 3 3
122 547 66 8
122 595 23 9
122 643 27 9
122 668 78 4
122 672 78 4
122 686 50 8
122 698 25 6
123 282 28 6
123 294 98 5
123 321 98 2
123 346 38 5
123 362 50 6
123 401 76 1
123 406 7 6
123 475 39 10
123 478 19 5
123 600 3 4
123 643 50 1
124 202 4 6
124 219 42 5
124 236 82 6
124 243 89 9
124 283 18 1
124 386 99 10
124 439 70 4
124 441 68 5
124 451 89 7
124 536 100 9
124 545 56 7
124 600 72 3
124 699 47 10
125 139 80 10
125 218 62 6
125 245 31 5
125 263 100 6
125 306 12 4
125 318 58 9
125 342 37 9
125 350 86 7
125 359 81 7
125 438 22 5
125 545 99 9
125 601 14 7
125 626 74 5
125 637 64 8
125 705 6 4
125 707 53 1
126 143 56 2
126 198 12 5
126 262 65 7
126 284 33 6
126 359 55 9
126 459 53 6
126 508 33 5
126 514 90 2
126 569 94 5
126 602 23 4
126 617 10 8
126 684 38 7
126 721 83 10
126 723 87 8
127 129 40 8
127 147 23 10
127 153 81 1
127 180 9 10
127 213 50 1
127 214 59 10
127 254 63 3
127 328 30 4
127 365 59 6
127 410 68 4
127 460 4 9
127 476 38 4
127 494 56 5
127 502 81 2
127 505 52 8
127 511 45 2
127 540 45 1
127 574 85 2
127 599 63 2
127 617 78 9
127 647 40 6
127 746 100 5
127 750 45 8
128 131 65 10
128 178 66 8
128 188 2 3
128 257 24 2
128 262 3 9
128 347 86 9
128 407 81 1
128 449 41 6
128 476 13 2
128 491 1 1
128 643 2 4
128 692 49 10
128 750 65 1
129 235 97 7
129 244 43 4
129 323 2 10
129 390 96 4
129 513 18 7
129 529 51 2
129 567 46 1
129 592 93 2
129 687 38 7
129 698 77 4
129 707 58 4
129 737 51 3
129 745 86 10
129 749 59 2
130 167 67 3
130 212 80 9
130 215 53 3
130 251 68 1
130 311 61 1
130 333 75 4
130 364 53 10
130 417 28 5
130 420 58 2
130 433 45 10
130 439 56 8
130 454 80 8
130 470 16 3
130 478 71 8
130 545 93 5
130 574 11 3
130 588 83 9
130 621 3 5
130 629 55 5
130 643 78 1
130 690 67 9
130 705 20 7
131 152 70 1
131 159 26 4
131 183 56 1
131 187 76 4
131 223 18 9
131 271 43 9
131 272 30 6
131 292 11 7
131 301 3 2
131 390 6 6
131 398 96 6
131 405 1 8
131 431 32 3
131 485 99 7
131 598 12 9
131 611 33 5
131 633 91 1
131 645 21 3
132 156 93 1
132 188 80 5
132 227 50 4
132 246 78 6
132 290 5 6
132 383 84 10
132 395 52 7
132 403 25 7
132 583 5 7
132 626 16 9
132 657 40 3
132 734 52 6
132 748 95 9
133 165 25 8
133 184 68 2
133 382 79 1
133 401 14 3
133 405 21 7
133 415 77 1
133 447 78 3
133 460 2 7
133 503 68 10
133 524 61 1
133 570 90 9
133 711 7 5
133 737 39 7
133 738 97 1
134 199 12 7
134 201 41 6
134 271 45 1
134 290 25 2
134 293 26 9
134 381 26 1
134 393 97 1
134 439 60 3
134 445 68 2
134 455 55 10
134 475 75 9
134 493 52 5
134 552 56 9
134 591 80 3
134 674 96 2
134 711 100 3
134 724 37 2
134 732 43 8
134 749 93 7
135 142 45 3
135 226 89 7
135 232 72 4
135 244 3 4
135 355 72 10
135 368 31 8
135 374 10 5
135 416 12 8
135 462 48 1
135 486 39 7
135 516 32 7
135 562 87 10
135 580 5 9
135 641 64 4
135 646 12 4
135 653 97 5
135 687 2 2
136 159 29 2
136 161 20 2
136 241 25 10
136 255 3 7
136 257 25 1
136 267 80 6
136 285 2 10
136 311 18 1
136 312 71 1
136 369 100 6
136 391 99 6
136 400 60 5
136 423 48 10
136 445 1 5
136 497 52 5
136 516 65 2
136 540 82 1
136 581 13 4
136 632 68 3
136 636 36 1
136 660 30 10
136 671 32 3
136 677 25 7
137 197 78 9
137 227 15 4
137 311 99 6
137 338 51 5
137 355 3 10
137 376 86 7
137 401 51 8
137 435 62 9
137 515 53 1
137 524 61 1
137 535 25 8
137 544 84 4
137 545 47 4
138 262 68 7
138 277 65 1
138 307 4 3
138 368 60 9
138 465 92 1
138 468 69 1
138 486 12 1
138 491 9 8
138 577 78 5
138 595 62 1
138 613 59 9
138 668 51 3
138 685 84 5
138 689 78 2
138 719 54 1
138 746 53 6
139 149 1 9
139 161 45 9
139 209 6 9
139 246 20 6
139 248 86 8
139 254 69 6
139 259 51 8
139 280 50 2
139 303 76 6
139 305 30 2
139 316 46 7
139 396 19 2
139 419 76 3
139 455 9 3
139 509 81 10
139 519 28 6
139 570 65 2
139 601 21 5
139 615 7 6
139 638 51 8
139 640 78 1
139 672 68 7
139 677 4 4
139 684 43 8
140 170 11 2
140 179 58 2
140 193 73 8
140 197 76 5
140 219 84 7
140 273 36 10
140 345 59 4
140 373 42 2
140 397 46 5
140 430 85 5
140 445 75 2
140 464 82 4
140 476 33 2
140 486 21 1
140 500 79 10
140 519 47 9
140 530 32 1
140 609 51 5
140 618 82 10
140 621 79 4
140 643 59 5
140 678 73 6
140 695 81 9
140 709 20 6
140 728 94 8
140 734 58 10
140 745 75 6
140 747 87 3
141 274 49 9
141 281 81 3
141 289 18 7
141 358 61 8
141 369 51 10
141 402 9 7
141 451 53 10
141 542 18 6
141 554 24 1
141 613 96 5
141 636 46 1
141 660 42 4
141 722 67 9
142 222 24 4
142 228 4 5
142 241 90 3
142 278 79 9
142 293 100 6
142 307 95 2
142 332 30 1
142 390 23 7
142 426 12 4
142 428 46 4
142 436 22 3
142 456 35 1
142 465 100 9
142 518 13 7
142 524 16 9
142 595 71 10
142 601 16 7
142 615 28 2
142 648 2 1
142 684 87 5
142 709 49 7
142 740 100 3
143 158 65 1
143 162 63 1
143 186 50 10
143 406 96 2
143 453 10 5
143 467 56 8
143 494 95 6
143 509 75 3
143 584 20 6
143 605 10 9
143 713 1 3
144 153 52 3
144 167 11 4
144 233 5 3
144 290 69 7
144 329 79 9
144 439 30 1
144 514 87 5
144 611 8 6
144 614 69 10
144 657 19 1
144 658 65 2
144 724 60 7
145 176 73 2
145 181 11 9
145 192 28 9
145 254 87 6
145 344 95 8
145 353 10 10
145 396 83 5
145 427 2 2
145 461 99 7
145 474 70 6
145 573 81 7
145 591 23 1
145 623 43 9
145 693 40 1
145 704 36 7
145 738 60 8
145 743 100 1
146 219 12 8
146 238 18 7
146 248 46 3
146 259 75 6
146 353 70 9
146 364 62 1
146 414 22 7
146 453 51 9
146 498 12 10
146 537 92 9
146 541 85 5
146 621 83 1
146 651 87 8
146 666 80 1
146 670 10 8
146 712 83 6
146 741 7 3
146 750 94 5
147 183 59 4
147 297 100 2
147 306 33 2
147 323 38 8
147 324 87 10
147 328 100 6
147 330 7 4
147 348 25 9
147 378 46 2
147 398 14 9
147 412 12 7
147 500 75 1
147 512 68 4
147 536 93 1
147 559 46 3
147 565 64 4
147 576 49 7
147 579 24 7
147 669 69 6
148 179 83 2
148 183 44 8
148 190 49 10
148 193 64 1
148 239 28 2
148 385 36 9
148 441 80 6
148 442 50 2
148 450 49 6
148 461 10 9
148 472 36 5
148 490 14 9
148 619 59 8
148 741 84 7
149 159 96 4
149 224 2 10
149 240 68 2
149 284 26 8
149 300 15 4
149 305 89 1
149 478 2 9
149 495 98 2
149 528 67 1
149 545 14 4
149 575 7 10
149 591 50 4
149 610 19 8
149 613 35 6
150 197 81 3
150 216 90 8
150 219 2 6
150 260 12 5
150 276 36 10
150 301 46 2
150 313 7 9
150 317 81 1
150 332 84 9
150 383 96 9
150 385 29 10
150 420 33 4
150 476 7 1
150 488 45 2
150 578 5 10
150 622 41 2
150 633 31 5
151 218 8 1
151 321 84 8
151 334 44 1
151 356 73 6
151 363 57 5
151 396 12 8
151 428 21 5
151 429 25 5
151 439 70 3
151 448 1 2
151 468 66 6
151 477 39 2
151 496 77 2
151 507 99 10
151 519 21 2
151 595 46 6
151 614 52 6
151 662 41 4
151 730 61 2
151 736 33 4
152 325 54 7
152 339 46 9
152 415 87 4
152 437 39 8
152 470 65 4
152 507 48 3
152 520 66 9
152 539 98 1
152 609 54 3
152 648 42 7
152 724 44 7
153 221 99 9
153 222 77 4
153 225 60 10
153 236 62 8
153 267 14 9
153 334 58 8
153 350 87 10
153 362 27 1
153 579 33 2
153 626 15 6
153 627 97 9
153 660 73 10
153 704 79 4
153 717 47 10
153 735 58 6
154 175 92 2
154 238 3 4
154 292 8 5
154 303 14 1
154 363 36 5
154 364 68 9
154 426 97 6
154 469 97 8
154 485 18 2
154 505 27 1
154 521 50 10
154 580 43 5
154 651 60 8
154 672 2 8
154 741 10 6
155 217 17 1
155 275 38 9
155 351 80 10
155 356 2 3
155 377 55 4
155 388 79 9
155 393 46 3
155 431 14 8
155 514 85 1
155 531 26 4
155 615 83 8
155 632 90 2
155 643 83 2
155 650 36 4
155 706 76 5
155 711 24 3
156 194 37 8
156 288 88 2
156 336 58 8
156 347 41 7
156 421 35 7
156 528 81 5
156 621 2 10
156 711 81 9
157 200 39 6
157 209 91 3
157 228 26 2
157 255 65 8
157 259 72 5
157 283 48 6
157 322 14 1
157 327 49 2
157 339 34 4
157 364 86 2
157 370 75 1
157 408 65 2
157 434 31 5
157 456 52 10
157 461 71 7
157 492 100 3
157 510 89 2
157 526 44 9
157 532 42 4
157 560 40 9
157 595 93 6
157 742 26 8
158 177 83 6
158 194 99 7
158 227 38 9
158 287 16 7
158 414 51 5
158 424 1 2
158 509 68 1
158 544 55 9
158 566 23 3
158 601 11 5
158 645 36 1
158 662 91 6
159 185 40 9
159 188 88 7
159 224 91 4
159 283 6 7
159 292 62 6
159 294 50 4
159 314 76 6
159 351 95 6
159 451 86 2
159 461 29 9
159 507 61 1
159 518 86 6
159 575 20 1
159 611 31 2
159 673 21 3
159 714 24 8
160 228 50 1
160 238 55 1
160 361 33 1
160 362 21 1
160 370 81 6
160 385 44 9
160 451 15 6
160 475 66 5
160 479 37 2
160 496 19 4
160 516 22 6
160 531 10 4
160 579 16 5
160 585 63 1
160 633 72 10
160 662 64 3
160 691 1 8
160 700 29 6
160 742 40 8
161 250 68 4
161 254 95 2
161 269 83 2
161 281 32 5
161 292 91 9
161 317 90 6
161 328 72 2
161 395 22 5
161 420 89 4
161 523 86 3
161 596 75 10
162 185 99 10
162 218 15 2
162 255 50 10
162 265 56 5
162 270 27 5
162 311 97 7
162 353 97 10
162 367 21 5
162 399 99 5
162 447 76 4
162 510 36 5
162 584 87 9
162 625 58 7
162 627 80 5
162 650 17 6
162 661 35 2
162 748 74 1
163 194 85 9
163 316 31 1
163 349 57 5
163 489 29 4
163 517 42 7
163 568 51 4
163 593 30 3
163 598 79 9
163 657 50 8
163 713 11 1
163 745 30 6
164 217 9 9
164 239 29 4
164 325 35 2
164 348 30 10
164 368 93 7
164 380 78 6
164 386 62 10
164 431 27 4
164 476 66 6
164 591 2 4
164 601 92 5
164 604 28 9
164 620 97 5
164 630 89 5
164 633 78 5
164 660 11 1
164 666 12 6
164 689 96 9
164 697 8 2
164 747 88 1
165 227 76 7
165 268 26 1
165 283 43 1
165 288 92 2
165 297 88 5
165 307 44 10
165 337 50 2
165 398 1 2
165 401 34 9
165 421 22 9
165 427 66 2
165 446 11 5
165 483 19 9
165 517 25 9
165 540 25 2
165 637 100 9
165 664 84 10
165 686 97 1
165 688 11 2
165 689 46 1
166 187 32 10
166 190 57 7
166 229 11 5
166 250 12 9
166 258 81 1
166 260 31 9
166 369 38 3
166 375 37 7
166 381 11 7
166 413 41 8
166 416 37 1
166 501 14 5
166 535 44 3
166 571 81 5
166 574 9 4
166 741 67 8
167 183 56 6
167 186 66 10
167 211 21 6
167 225 25 4
167 227 77 4
167 241 32 7
167 299 34 1
167 308 52 3
167 455 6 8
167 473 95 9
167 487 87 3
167 497 90 5
167 530 72 8
167 591 41 8
167 661 72 5
167 668 16 5
167 681 8 7
167 696 85 1
168 182 47 6
168 229 13 7
168 245 69 9
168 256 20 9
168 302 53 4
168 338 49 7
168 343 5 5
168 370 20 5
168 394 79 8
168 461 92 4
168 477 49 6
168 532 12 10
168 535 22 3
168 568 64 4
168 585 87 4
168 613 17 6
168 614 63 9
168 667 5 2
168 749 74 3
169 188 24 2
169 249 79 9
169 305 77 1
169 311 96 3
169 315 67 4
169 343 46 7
169 398 69 4
169 431 35 4
169 437 36 2
169 460 23 10
169 468 35 4
169 509 99 7
169 597 59 6
169 620 40 7
169 633 90 7
169 638 77 1
169 736 61 5
170 291 27 7
170 347 53 9
170 350 82 3
170 386 15 3
170 406 41 4
170 423 73 1
170 453 39 10
170 504 6 5
170 530 5 3
170 531 10 10
170 623 28 10
170 631 84 9
170 664 80 7
170 729 100 1
171 176 21 4
171 177 72 4
171 303 69 6
171 376 31 9
171 413 97 5
171 457 94 6
171 498 76 1
171 512 23 4
171 546 56 7
171 561 22 9
171 575 71 10
171 607 43 8
171 677 61 9
171 723 93 10
171 743 71 10
172 181 1 2
172 201 82 6
172 217 59 10
172 242 8 10
172 261 90 3
172 293 10 2
172 324 96 4
172 332 80 5
172 345 81 9
172 364 54 6
172 392 72 8
172 463 43 5
172 560 59 8
172 577 50 5
172 647 71 5
172 669 43 10
172 689 20 6
172 690 30 6
172 700 60 5
172 710 57 8
173 193 79 10
173 210 65 1
173 246 8 6
173 252 34 9
173 259 9 9
173 356 21 5
173 364 63 2
173 374 69 1
173 524 85 7
173 573 52 6
173 608 78 4
173 617 34 7
173 622 26 4
173 660 54 4
173 683 71 9
173 695 4 5
173 707 52 9
173 708 23 7
174 298 36 5
174 311 42 6
174 327 70 10
174 405 65 8
174 415 84 5
174 421 48 2
174 483 43 10
174 587 63 10
174 748 80 5
175 234 63 1
175 300 38 4
175 382 16 9
175 519 1 8
175 553 4 2
175 554 53 4
175 629 40 6
175 632 78 2
175 635 23 7
175 656 46 1
175 697 78 10
175 716 29 2
175 718 57 9
176 187 3 5
176 201 81 8
176 277 96 7
176 279 83 2
176 291 51 2
176 299 22 9
176 320 41 2
176 326 65 1
176 376 30 9
176 386 82 4
176 391 76 6
176 417 80 8
176 470 59 4
176 481 30 2
176 584 65 4
176 642 50 9
176 650 86 5
176 665 60 3
176 692 35 5
176 734 49 4
177 243 34 4
177 343 87 10
177 346 4 8
177 432 92 5
177 458 80 10
177 459 71 6
177 473 76 9
177 534 38 2
177 558 59 10
177 586 89 8
177 607 30 5
177 630 17 3
178 181 1 8
178 206 8 2
178 245 100 8
178 247 89 4
178 267 32 1
178 277 29 8
178 279 20 8
178 315 11 8
178 344 51 2
178 441 58 2
178 473 37 10
178 504 22 6
178 523 69 10
178 534 74 3
178 552 31 10
178 560 77 6
178 564 74 4
178 581 98 6
178 619 78 4
178 633 42 8
178 695 59 7
178 724 41 7
178 727 3 7
178 745 52 6
178 746 33 6
178 750 97 7
179 206 23 4
179 252 76 6
179 329 72 3
179 357 39 3
179 384 22 10
179 385 56 5
179 408 23 4
179 414 51 8
179 443 18 8
179 455 99 1
179 491 37 5
179 510 57 5
179 575 83 10
179 597 92 2
179 640 57 8
179 693 41 8
179 731 54 8
179 746 73 8
180 226 23 1
180 266 69 1
180 280 77 4
180 301 29 3
180 303 84 1
180 393 25 7
180 448 60 8
180 460 23 9
180 534 49 8
180 546 78 5
180 578 7 10
180 614 87 4
180 623 88 9
180 684 95 9
180 685 86 2
180 690 56 7
180 696 11 6
180 715 81 7
180 722 55 6
180 729 46 4
181 230 18 8
181 233 48 2
181 249 19 4
181 256 29 4
181 283 87 9
181 299 14 5
181 413 31 6
181 418 52 3
181 422 25 1
181 511 4 10
181 518 18 1
181 604 52 7
181 726 92 9
181 744 76 5
182 267 82 8
182 382 18 7
182 424 12 9
182 441 92 5
182 459 1 9
182 570 3 1
182 622 26 7
182 651 76 1
182 709 12 5
182 714 88 8
182 726 63 8
183 207 93 3
183 223 30 7
183 226 38 7
183 253 18 4
183 285 28 9
183 357 1 8
183 372 72 6
183 383 13 6
183 492 75 3
183 497 25 1
183 517 70 4
183 545 26 7
183 552 72 7
183 576 59 6
183 600 1 5
183 635 24 7
183 669 9 1
183 743 29 2
184 277 99 7
184 303 29 10
184 345 17 5
184 383 33 9
184 427 64 10
184 428 54 9
184 487 53 8
184 522 28 5
184 556 46 7
184 589 92 5
184 600 62 5
184 635 51 4
184 722 61 2
185 191 20 8
185 210 17 5
185 212 11 6
185 239 5 6
185 250 82 3
185 274 37 1
185 300 31 9
185 346 74 2
185 354 69 6
185 415 35 7
185 461 82 5
185 520 28 9
185 523 1 6
185 545 3 7
185 650 77 8
185 655 23 8
185 672 71 4
185 681 71 7
186 187 93 3
186 237 78 10
186 271 22 5
186 319 45 8
186 323 39 1
186 403 87 1
186 430 73 9
186 482 20 4
186 506 89 2
186 525 80 4
186 587 75 7
186 592 41 8
186 623 22 5
186 627 68 4
186 667 38 6
187 199 58 8
187 246 37 6
187 274 28 10
187 285 90 4
187 321 52 9
187 361 85 4
187 459 41 6
187 481 3 8
187 589 2 10
187 602 79 8
187 631 90 10
187 668 69 4
187 672 62 7
187 703 38 9
187 708 36 9
188 214 5 4
188 215 53 1
188 264 40 8
188 312 38 1
188 366 5 8
188 391 69 10
188 400 76 2
188 494 58 2
188 498 43 9
188 533 39 4
188 538 100 5
188 562 90 8
188 570 48 10
188 595 11 2
188 597 29 6
188 630 25 8
188 683 48 5
188 744 87 2
189 258 30 1
189 279 55 7
189 287 74 2
189 305 49 1
189 354 59 10
189 382 88 10
189 439 76 1
189 473 89 5
189 517 97 2
189 541 56 3
189 559 16 10
189 601 15 9
189 608 6 9
189 700 43 1
190 235 17 8
190 408 69 10
190 481 1 9
190 510 98 1
190 515 64 5
190 519 26 2
190 525 35 7
190 526 99 7
190 632 74 10
190 732 78 10
190 736 30 1
190 750 100 2
191 353 97 10
191 487 61 8
191 573 76 8
191 580 68 10
191 592 40 1
191 639 7 6
191 700 36 6
191 737 66 10
191 739 27 2
192 197 16 6
192 241 52 2
192 249 96 4
192 284 19 10
192 343 14 5
192 359 20 3
192 381 34 2
192 395 39 4
192 397 23 10
192 423 100 4
192 430 92 10
192 464 14 7
192 490 63 7
192 517 43 2
192 555 17 6
192 576 70 4
192 577 64 4
192 610 42 9
192 618 65 6
192 625 49 3
192 649 9 1
192 678 9 2
192 682 65 8
192 742 60 5
192 743 69 7
193 199 7 10
193 216 47 9
193 223 2 9
193 294 88 6
193 377 1 7
193 399 22 1
193 424 54 7
193 466 69 5
193 490 3 1
193 539 27 7
193 546 46 1
193 604 36 9
193 679 79 6
193 706 9 10
194 210 5 2
194 240 32 9
194 248 58 2
194 317 46 4
194 384 23 6
194 404 74 1
194 472 79 2
194 492 85 1
194 498 3 6
194 530 89 4
194 643 90 6
194 730 36 7
194 739 8 9
195 389 38 10
195 483 7 5
195 485 5 10
195 487 96 7
195 507 31 3
195 527 22 3
195 617 10 9
195 628 60 9
195 681 43 4
195 687 5 2
195 689 57 10
195 701 56 2
195 710 74 10
195 735 30 10
196 238 40 4
196 241 46 6
196 264 81 10
196 294 14 5
196 326 35 1
196 415 7 8
196 488 10 2
196 495 37 4
196 591 89 6
196 678 29 7
197 318 10 5
197 339 83 2
197 383 56 6
197 399 57 7
197 404 30 2
197 413 91 1
197 461 41 10
197 542 29 5
197 549 10 4
197 677 18 5
197 706 37 7
197 730 75 5
198 267 86 10
198 301 87 6
198 317 20 6
198 370 34 8
198 384 72 6
198 436 57 3
198 446 32 3
198 519 4 4
198 562 29 3
198 592 56 9
198 613 12 3
198 629 24 5
198 682 76 2
199 246 96 2
199 274 10 4
199 288 82 3
199 351 88 2
199 390 65 2
199 436 7 8
199 532 85 3
199 587 20 4
199 588 59 9
199 606 100 5
199 682 58 6
199 738 81 6
200 203 39 9
200 251 79 6
200 260 94 7
200 280 38 2
200 303 48 10
200 320 78 5
200 348 33 2
200 368 56 3
200 381 56 3
200 396 88 3
200 419 17 3
200 428 51 1
200 456 78 10
200 466 4 5
200 482 36 5
200 510 58 6
200 512 1 9
200 538 41 7
200 623 65 10
200 640 72 1
200 648 12 9
200 691 43 4
200 695 55 2
200 702 14 7
200 729 45 9
200 730 41 8
200 746 30 6
201 326 51 9
201 352 13 3
201 404 5 6
201 454 41 9
201 493 32 3
201 513 18 6
201 518 89 4
201 722 53 6
201 741 100 5
202 211 77 2
202 283 4 8
202 333 9 6
202 361 61 8
202 476 82 8
202 495 37 5
202 498 90 3
202 530 18 9
202 544 2 2
202 562 50 2
202 572 3 5
202 613 30 5
202 675 56 7
202 735 27 2
203 233 77 7
203 322 62 10
203 353 100 7
203 374 46 6
203 423 96 4
203 460 64 1
203 471 95 8
203 555 62 10
203 585 88 9
203 660 57 2
203 701 47 2
203 723 22 2
203 729 63 7
203 743 83 7
203 750 80 1
204 285 75 8
204 455 41 7
204 468 44 2
204 543 57 8
204 576 92 6
204 586 62 8
204 587 32 8
204 607 90 5
204 615 53 10
204 624 41 10
204 669 70 8
204 701 42 9
204 743 19 10
205 211 41 6
205 232 57 4
205 254 68 3
205 374 12 8
205 382 15 8
205 420 12 3
205 428 5 3
205 438 67 9
205 449 49 1
205 473 39 9
205 479 76 10
205 490 18 1
205 539 62 6
205 546 34 6
205 580 90 8
205 669 60 8
205 737 22 1
206 317 69 2
206 355 31 1
206 396 7 9
206 426 27 10
206 439 15 5
206 504 11 5
206 512 77 10
206 520 36 6
206 525 86 5
206 579 41 9
206 585 46 1
206 612 75 6
206 653 95 2
206 673 56 7
206 682 48 2
206 713 81 3
206 731 55 2
206 744 65 5
207 311 18 8
207 313 66 4
207 349 97 6
207 367 86 1
207 374 91 7
207 466 93 1
207 475 34 1
207 477 77 10
207 535 84 5
207 548 96 2
207 570 47 5
207 596 78 7
207 626 69 3
207 636 26 1
207 697 4 3
207 702 25 9
207 706 86 3
207 738 58 9
208 339 23 2
208 358 67 9
208 370 89 4
208 381 38 1
208 402 91 10
208 410 71 2
208 457 5 9
208 466 16 10
208 487 65 8
208 489 29 7
208 505 92 5
208 552 73 5
208 562 25 7
208 578 51 2
208 665 15 7
208 708 44 3
209 213 61 6
209 253 58 7
209 254 93 8
209 406 64 4
209 412 55 2
209 415 31 3
209 471 85 5
209 480 50 5
209 505 61 10
209 578 60 8
209 588 32 9
209 591 31 9
209 599 47 3
209 627 55 4
209 633 41 1
209 680 90 5
210 233 38 9
210 246 49 8
210 347 81 3
210 438 11 3
210 450 67 2
210 457 75 8
210 507 90 3
210 561 17 3
210 572 35 3
210 636 87 9
210 655 74 5
210 697 26 3
210 705 70 4
211 248 40 2
211 255 35 10
211 269 19 5
211 279 85 10
211 280 71 9
211 331 22 7
211 375 91 3
211 378 88 8
211 390 59 10
211 435 61 8
211 466 21 5
211 523 95 1
211 565 55 5
211 661 92 7
211 662 18 8
211 699 91 8
212 296 50 2
212 375 11 10
212 531 22 9
212 605 66 5
212 654 7 4
212 711 75 1
212 728 27 1
212 747 61 5
213 226 18 8
213 229 92 4
213 276 75 1
213 305 89 9
213 327 34 4
213 349 50 9
213 363 55 10
213 381 3 7
213 385 31 8
213 517 83 2
213 568 53 10
213 585 70 8
213 670 42 5
213 674 12 3
213 684 12 7
213 712 30 1
213 743 54 5
214 215 86 6
214 219 8 8
214 227 61 3
214 230 87 4
214 252 10 10
214 259 58 5
214 320 47 9
214 348 26 10
214 354 76 4
214 363 44 8
214 391 22 2
214 508 81 6
214 629 26 3
214 668 28 9
214 670 45 3
214 674 86 1
214 731 18 10
215 222 13 6
215 253 79 5
215 274 73 1
215 301 63 6
215 325 43 9
215 404 30 1
215 487 89 4
215 553 67 1
215 570 15 4
215 593 6 4
215 598 65 10
215 609 75 7
215 617 80 10
215 641 79 9
215 656 54 2
215 694 58 9
215 695 94 2
215 728 95 7
216 236 27 8
216 269 97 10
216 302 15 2
216 335 46 1
216 459 46 4
216 461 19 1
216 487 77 7
216 574 75 6
216 659 56 9
216 731 54 2
216 750 33 4
217 255 46 7
217 303 4 8
217 326 41 5
217 361 32 9
217 429 27 8
217 439 85 4
217 471 28 4
217 583 43 7
217 584 90 6
217 590 31 7
217 600 50 7
217 627 70 1
217 662 15 9
217 687 44 3
217 689 69 10
217 691 64 4
217 695 20 1
217 698 93 4
217 705 16 1
217 709 76 2
217 748 57 2
218 244 75 5
218 247 73 7
218 302 41 7
218 311 78 6
218 315 85 5
218 327 14 2
218 366 94 9
218 434 92 4
218 440 53 7
218 477 35 9
218 498 21 8
218 515 6 8
218 530 52 7
218 576 98 8
218 600 26 5
218 648 44 8
219 244 95 5
219 269 69 2
219 348 1 5
219 383 70 2
219 408 13 8
219 410 68 5
219 439 27 5
219 463 70 10
219 484 27 7
219 491 58 8
219 506 61 7
219 540 36 10
219 541 93 7
219 564 96 3
219 623 1 7
219 657 4 2
219 715 96 8
220 253 45 3
220 266 91 8
220 354 98 3
220 365 65 10
220 378 8 5
220 458 36 5
220 500 40 3
220 528 73 7
220 548 50 4
220 575 66 9
220 649 68 1
220 691 8 3
220 699 19 2
220 714 99 6
220 748 28 2
221 257 66 6
221 265 37 6
221 285 87 8
221 340 44 6
221 382 9 1
221 421 79 8
221 545 40 3
221 553 60 10
221 625 79 9
221 677 82 9
221 703 67 6
221 704 48 7
222 262 4 2
222 338 66 8
222 356 62 6
222 397 89 6
222 410 66 9
222 418 16 4
222 496 83 5
222 554 89 9
222 588 52 4
222 597 30 8
222 679 96 4
223 295 2 4
223 297 39 9
223 343 9 1
223 355 28 4
223 498 70 2
223 584 78 8
223 597 59 10
223 599 67 2
223 604 76 7
223 629 57 2
223 634 33 7
223 655 78 6
223 663 59 4
224 234 85 7
224 244 39 1
224 266 32 7
224 267 34 3
224 285 46 4
224 298 83 8
224 311 51 9
224 428 91 5
224 495 41 1
224 506 23 2
224 520 44 6
224 558 20 4
224 622 82 2
224 635 81 10
224 681 52 6
224 697 94 1
224 723 16 8
225 254 9 4
225 264 59 9
225 280 10 1
225 285 1 10
225 295 38 5
225 302 43 2
225 303 4 5
225 321 63 8
225 333 6 7
225 375 47 4
225 415 72 10
225 440 9 8
225 463 52 7
225 548 12 7
225 551 51 3
225 578 55 10
225 612 84 3
225 626 75 4
225 645 30 6
225 678 57 6
225 698 5 5
225 724 65 3
226 236 1 1
226 239 59 1
226 250 42 4
226 292 80 7
226 353 94 4
226 428 55 10
226 435 44 7
226 443 72 6
226 466 36 5
226 505 33 1
226 521 51 9
226 613 26 8
226 643 79 3
226 684 13 10
226 697 83 2
227 289 46 4
227 345 97 8
227 381 76 6
227 443 77 6
227 506 82 3
227 523 69 8
227 527 60 2
227 567 65 4
227 592 52 1
227 675 35 5
227 696 95 5
227 698 2 10
227 705 3 10
228 296 89 10
228 349 35 3
228 359 91 8
228 428 51 7
228 453 19 8
228 468 2 1
228 502 52 5
228 565 27 4
228 605 39 1
228 637 18 1
228 689 81 4
228 714 16 2
229 338 17 1
229 346 17 7
229 432 61 5
229 461 3 4
229 575 59 6
229 695 91 3
229 711 23 8
229 715 51 7
229 729 55 4
229 735 83 1
229 738 52 4
230 249 74 7
230 254 27 10
230 277 79 1
230 299 2 2
230 315 94 7
230 352 9 10
230 353 75 7
230 386 27 5
230 446 10 2
230 486 93 9
230 514 1 9
230 521 58 3
230 526 11 9
230 572 27 2
230 669 95 6
230 694 36 3
230 733 37 2
230 740 98 5
231 235 87 1
231 242 37 7
231 266 68 4
231 274 72 7
231 331 69 4
231 335 84 5
231 343 23 6
231 374 26 3
231 470 94 1
231 507 88 3
231 550 61 9
231 551 73 1
231 690 10 5
232 254 88 4
232 282 68 10
232 305 61 3
232 363 25 1
232 412 61 9
232 426 85 5
232 462 72 3
232 472 100 1
232 498 10 2
232 537 86 6
232 551 26 7
232 566 17 2
232 587 95 3
232 611 15 6
232 648 45 4
232 688 31 3
232 693 92 8
232 745 54 9
233 286 21 7
233 316 53 8
233 326 92 10
233 343 87 2
233 361 76 4
233 443 54 6
233 590 96 8
233 635 89 7
233 638 58 1
233 688 32 6
234 264 30 2
234 267 52 7
234 287 5 8
234 397 52 1
234 402 15 9
234 444 54 5
234 482 6 8
234 618 69 6
234 624 44 10
234 680 41 6
234 706 72 7
234 718 32 3
234 742 69 2
235 237 50 1
235 249 95 1
235 309 78 2
235 337 34 1
235 384 86 8
235 422 19 4
235 444 93 7
235 472 93 4
235 516 6 1
235 522 75 4
235 542 13 4
235 615 40 9
235 622 50 6
235 634 91 7
235 636 6 1
235 638 62 4
235 663 66 3
235 690 79 1
235 693 48 5
235 737 17 9
236 263 31 8
236 273 82 2
236 284 49 10
236 370 82 1
236 401 74 3
236 409 5 2
236 503 47 4
236 538 48 4
236 569 56 9
236 593 44 1
236 598 44 9
236 599 40 5
236 608 23 1
236 610 60 10
236 654 7 6
236 720 28 3
237 296 24 10
237 330 93 3
237 368 44 4
237 376 37 7
237 379 16 4
237 410 29 3
237 419 73 9
237 529 25 8
237 535 79 2
237 688 92 4
237 715 73 3
237 731 14 4
238 303 77 5
238 393 26 6
238 408 24 7
238 441 36 8
238 483 84 5
238 487 28 9
238 493 10 9
238 497 21 7
238 507 36 7
238 533 100 2
238 586 95 2
238 593 13 5
238 603 53 5
238 621 93 7
238 633 75 9
238 657 91 5
238 712 33 5
238 723 88 7
239 284 66 10
239 335 17 9
239 405 5 7
239 421 75 10
239 489 21 4
239 493 100 10
239 543 91 6
239 553 78 4
239 599 91 6
239 643 73 3
240 278 57 6
240 294 55 8
240 324 49 6
240 369 84 2
240 423 45 1
240 505 53 4
240 568 63 1
240 617 33 6
240 675 57 1
240 708 91 3
240 727 81 4
241 286 77 9
241 387 19 6
241 390 78 3
241 394 47 5
241 401 81 6
241 427 86 6
241 472 23 7
241 557 58 9
241 612 66 3
241 722 57 7
242 248 78 8
242 308 26 9
242 342 55 8
242 375 64 6
242 386 76 6
242 425 49 9
242 431 2 7
242 451 46 6
242 471 55 1
242 494 1 5
242 499 29 1
242 550 6 4
242 590 28 4
242 614 99 8
242 743 31 3
243 265 89 10
243 327 78 10
243 354 46 7
243 361 24 7
243 426 84 5
243 479 32 6
243 518 66 3
243 541 98 4
243 609 84 1
243 639 84 9
243 660 93 2
244 271 89 8
244 288 60 10
244 308 52 2
244 342 42 1
244 364 87 6
244 402 14 5
244 495 25 1
244 511 90 10
244 546 89 10
244 629 75 8
244 682 36 7
245 254 94 2
245 261 20 5
245 332 74 7
245 336 20 10
245 393 7 9
245 403 6 6
245 437 17 3
245 440 47 10
245 468 56 5
245 488 4 4
245 552 59 9
245 559 33 9
245 574 67 5
245 607 62 4
245 685 73 9
245 687 90 4
245 690 82 2
245 738 93 5
246 289 79 7
246 295 31 2
246 390 75 4
246 403 69 9
246 415 10 5
246 438 43 5
246 464 59 9
246 473 85 8
246 478 47 10
246 499 90 4
246 518 61 4
246 545 44 6
246 577 11 3
246 596 57 8
246 627 18 7
246 669 73 7
246 732 71 6
246 737 15 10
247 304 28 4
247 315 19 6
247 370 90 3
247 385 86 7
247 399 77 9
247 415 18 1
247 477 57 1
247 519 97 3
247 530 93 6
247 642 22 2
247 716 20 8
248 251 32 7
248 256 57 9
248 401 69 10
248 502 47 1
248 503 5 3
248 505 57 2
248 554 38 3
248 578 39 9
248 596 92 5
248 657 88 1
248 749 46 4
248 750 66 1
249 254 31 2
249 297 20 3
249 301 5 3
249 314 20 3
249 341 86 3
249 358 85 6
249 397 22 9
249 417 38 5
249 470 68 3
249 475 10 1
249 483 67 10
249 585 32 5
250 261 66 10
250 313 100 7
250 351 29 9
250 439 81 5
250 472 69 3
250 505 39 3
250 506 88 7
250 509 84 3
250 554 53 8
250 590 31 5
250 601 16 9
250 647 17 1
250 710 68 5
251 259 68 3
251 313 75 9
251 342 98 1
251 351 61 5
251 396 4 1
251 447 81 6
251 457 98 9
251 518 83 10
251 525 63 6
251 566 16 5
251 576 46 6
251 590 24 7
251 621 34 4
251 632 33 2
251 644 42 8
251 654 28 1
251 673 39 4
251 728 11 7
252 390 47 8
252 408 49 6
252 460 42 4
252 486 62 3
252 577 66 9
252 580 54 8
252 593 64 2
252 638 96 3
252 665 32 8
252 688 92 9
253 280 43 2
253 301 80 7
253 403 3 9
253 429 64 5
253 441 53 8
253 451 80 2
253 488 36 10
253 516 67 4
253 524 35 6
253 530 4 5
253 547 90 5
253 557 63 9
253 690 100 6
253 706 31 10
253 723 6 6
254 338 3 7
254 362 90 4
254 372 51 9
254 383 38 7
254 482 51 9
254 490 39 7
254 502 56 10
254 595 86 3
254 628 52 2
254 634 44 1
254 704 55 4
255 316 4 7
255 426 79 3
255 433 65 2
255 503 22 2
255 552 12 10
255 604 44 1
255 618 76 8
255 636 86 1
255 642 94 3
255 674 50 4
255 689 43 6
255 740 100 1
256 273 34 7
256 289 41 1
256 338 46 2
256 340 93 4
256 359 53 10
256 445 72 5
256 446 44 7
256 455 91 7
256 543 90 1
256 562 82 10
256 588 30 1
256 589 11 10
256 618 48 9
256 719 26 4
256 749 33 7
257 264 46 7
257 293 8 6
257 295 46 10
257 296 34 9
257 301 60 4
257 324 61 9
257 376 6 5
257 511 94 9
257 581 92 5
257 588 62 3
257 594 95 7
257 597 18 8
257 602 92 6
257 609 58 2
257 632 98 7
257 689 66 6
257 706 79 6
258 312 30 1
258 329 43 10
258 369 92 1
258 411 36 1
258 417 96 5
258 432 92 4
258 479 96 8
258 504 87 6
258 582 25 2
258 588 65 10
258 615 21 6
258 658 31 2
258 660 81 2
259 265 64 8
259 266 20 4
259 279 12 5
259 299 9 8
259 359 72 7
259 529 21 9
259 538 79 1
259 577 70 4
259 637 95 4
259 663 97 6
260 268 33 8
260 299 2 4
260 321 70 6
260 412 60 10
260 431 2 9
260 442 49 1
260 460 13 2
260 462 98 2
260 464 33 8
260 472 19 9
260 498 38 8
260 519 40 5
260 593 66 2
260 626 41 10
260 646 14 10
260 656 100 5
260 669 24 9
260 678 31 8
260 750 96 7
261 273 66 7
261 400 71 6
261 402 11 5
261 405 94 9
261 455 2 5
261 482 46 6
261 492 81 10
261 621 62 6
261 625 12 1
261 632 55 9
261 664 59 10
261 709 2 5
262 312 58 5
262 401 36 5
262 409 99 10
262 514 69 9
262 529 87 4
262 672 30 10
262 701 56 3
263 293 40 6
263 310 60 6
263 322 18 5
263 340 62 9
263 345 21 2
263 357 24 7
263 392 77 8
263 440 88 1
263 462 56 8
263 478 37 6
263 492 15 9
263 501 68 1
263 523 62 10
263 562 27 10
263 676 97 9
263 692 21 8
263 717 75 2
264 276 41 8
264 295 26 1
264 367 3 10
264 376 1 6
264 389 67 10
264 397 2 10
264 409 36 7
264 428 11 10
264 507 79 6
264 512 18 6
264 517 47 5
264 540 14 9
264 547 97 2
264 624 88 1
264 661 70 3
264 666 36 5
264 667 59 1
264 693 58 10
265 364 100 4
265 377 35 7
265 382 55 5
265 394 7 7
265 431 88 5
265 455 74 4
265 527 38 3
265 541 58 5
265 565 79 9
265 582 39 7
265 649 46 1
265 695 46 3
265 705 86 2
265 731 16 2
266 283 85 4
266 295 89 8
266 310 71 7
266 379 82 1
266 389 71 4
266 404 48 2
266 478 67 10
266 534 36 1
266 535 98 7
266 547 60 4
266 554 3 6
266 714 2 4
267 283 8 3
267 381 85 4
267 386 92 8
267 485 55 6
267 546 85 7
267 557 82 5
267 591 26 2
267 610 83 2
268 357 95 5
268 367 89 8
268 374 19 5
268 388 31 7
268 395 31 10
268 403 65 10
268 439 78 5
268 461 50 7
268 504 70 4
268 510 97 10
268 512 86 10
268 536 49 7
268 559 17 3
268 586 28 10
268 604 80 8
268 606 46 4
268 664 5 3
268 673 2 6
268 694 86 1
268 708 81 5
268 743 26 10
269 272 19 3
269 344 35 10
269 364 70 9
269 443 93 9
269 480 100 1
269 556 45 4
269 634 38 5
269 652 51 3
269 702 48 9
269 732 88 5
269 743 48 7
270 361 100 7
270 373 42 7
270 484 81 2
270 487 60 1
270 546 93 7
270 563 49 4
270 577 38 10
270 591 15 4
270 619 50 5
270 665 90 5
270 668 90 8
270 688 3 1
270 730 61 6
271 276 2 6
271 296 64 4
271 304 16 1
271 340 48 5
271 343 6 1
271 344 21 4
271 389 41 5
271 571 41 8
271 577 24 1
271 594 64 5
271 622 60 4
271 650 17 5
271 663 82 2
271 697 55 7
271 736 51 3
272 316 30 4
272 359 22 2
272 365 94 9
272 408 74 4
272 432 67 6
272 454 87 10
272 476 32 9
272 519 32 8
272 600 21 4
272 633 25 9
272 678 63 4
272 706 91 2
272 710 79 8
273 377 35 5
273 381 59 4
273 382 49 2
273 440 16 7
273 463 81 2
273 553 2 3
273 570 36 8
273 586 62 8
273 620 82 10
273 709 51 10
273 722 72 2
274 297 55 6
274 308 68 10
274 349 49 8
274 365 35 1
274 390 73 10
274 534 30 3
274 586 5 10
274 651 86 8
275 325 81 5
275 326 24 10
275 329 2 7
275 368 26 1
275 384 34 9
275 409 65 1
275 413 19 10
275 472 57 4
275 477 26 10
275 495 65 3
275 511 2 2
275 584 95 6
275 601 53 4
275 640 27 5
275 729 81 6
275 732 16 10
276 286 72 6
276 374 35 9
276 462 69 1
276 532 58 4
276 541 49 5
276 624 15 6
276 672 97 8
276 674 91 4
276 736 10 7
277 281 85 4
277 314 92 8
277 329 14 5
277 383 55 4
277 426 56 7
277 467 18 9
277 533 32 7
277 558 61 5
277 580 15 1
277 651 46 9
277 675 31 3
277 702 30 4
278 300 3 9
278 355 82 2
278 362 76 7
278 402 91 4
278 409 10 10
278 455 89 6
278 608 33 9
278 656 23 8
278 658 44 7
278 671 28 6
278 745 9 9
279 337 45 8
279 367 72 7
279 369 14 4
279 463 92 2
279 537 52 9
279 576 77 2
279 598 58 8
279 610 9 3
279 655 31 6
279 677 94 5
279 693 10 10
279 711 86 4
279 735 73 7
280 299 76 9
280 301 32 1
280 347 52 8
280 434 39 1
280 465 77 6
280 498 67 7
280 512 76 7
280 659 46 9
280 694 27 6
280 699 86 5
281 288 88 3
281 298 27 6
281 386 81 3
281 473 95 2
281 474 27 7
281 490 72 3
281 516 79 4
281 525 85 10
281 626 2 6
281 629 51 8
281 635 27 6
281 653 84 10
281 670 9 9
281 674 79 2
281 726 33 10
282 413 24 10
282 438 86 1
282 454 67 10
282 554 7 4
282 565 44 6
282 573 99 8
282 617 25 10
282 634 14 4
282 654 26 5
282 686 53 7
282 707 13 10
283 286 29 1
283 323 63 4
283 330 13 7
283 349 92 1
283 380 82 4
283 403 99 8
283 434 26 2
283 468 46 10
283 508 91 6
283 535 96 1
283 566 32 4
283 585 45 5
283 651 71 5
283 655 62 1
283 669 20 1
283 695 19 6
283 711 61 5
283 734 91 7
284 334 65 6
284 347 86 3
284 366 14 3
284 429 82 4
284 446 8 1
284 489 17 6
284 515 52 7
284 547 58 8
284 599 12 10
284 644 71 5
284 669 8 5
284 696 46 4
284 736 71 8
284 747 84 6
285 300 41 7
285 320 2 5
285 323 68 10
285 364 64 8
285 458 60 3
285 472 58 7
285 513 53 10
285 531 35 10
285 533 8 3
285 589 83 3
285 608 25 1
285 620 90 8
285 637 41 3
285 678 44 10
285 716 67 8
285 743 2 6
286 319 66 4
286 341 26 8
286 395 72 8
286 414 9 10
286 420 68 8
286 436 86 4
286 481 21 10
286 499 60 4
286 569 84 9
286 579 13 5
286 611 61 2
286 642 44 5
286 673 3 5
286 715 64 6
286 723 73 1
287 346 27 6
287 354 85 9
287 405 72 10
287 423 62 10
287 471 51 1
287 659 29 1
287 669 51 9
287 743 100 7
288 313 100 3
288 317 33 10
288 336 1 5
288 368 77 1
288 439 90 5
288 444 88 9
288 482 90 10
288 534 68 5
288 567 21 5
288 597 44 9
288 689 58 7
288 718 32 6
288 734 19 6
288 742 48 8
288 743 31 5
289 313 13 6
289 366 62 7
289 374 77 7
289 444 49 2
289 537 37 3
289 545 27 8
289 702 31 6
289 714 70 3
290 299 73 9
290 328 54 5
290 351 15 9
290 368 21 6
290 371 55 7
290 529 83 5
290 550 5 3
290 663 46 10
290 748 80 8
291 338 9 8
291 380 71 8
291 385 9 2
291 395 45 2
291 421 54 6
291 422 50 10
291 465 84 1
291 508 58 8
291 514 45 8
291 534 55 10
291 556 18 7
291 571 7 9
291 603 77 7
291 623 60 6
291 640 89 10
291 707 90 4
291 718 83 2
292 310 35 9
292 317 36 7
292 319 70 7
292 326 87 8
292 441 58 3
292 449 25 7
292 526 73 10
292 629 79 6
292 728 36 10
293 307 37 6
293 319 55 9
293 360 27 9
293 405 58 9
293 413 10 3
293 425 7 10
293 460 38 1
293 511 56 2
293 513 62 8
293 523 10 3
293 554 97 8
293 557 95 3
293 637 55 1
293 680 64 5
293 688 85 1
293 714 91 7
294 299 30 2
294 339 14 4
294 371 37 6
294 377 8 9
294 389 68 10
294 445 59 3
294 453 58 7
294 458 30 7
294 460 62 7
294 469 3 10
294 505 48 7
294 537 22 4
294 549 50 6
294 652 24 5
295 346 54 9
295 357 93 3
295 404 100 5
295 439 82 1
295 446 48 6
295 490 15 3
295 558 63 5
295 650 51 2
295 656 59 3
295 676 21 3
295 696 6 3
295 746 57 5
296 370 55 2
296 412 89 2
296 427 87 3
296 442 81 6
296 470 28 4
296 476 75 5
296 540 31 2
296 583 36 7
296 661 14 3
296 682 72 2
296 686 41 4
296 691 23 7
296 693 95 9
296 718 34 2
296 724 10 9
296 737 4 3
297 313 45 4
297 421 67 9
297 447 100 6
297 448 18 4
297 475 84 6
297 486 58 10
297 547 17 7
297 597 17 1
297 727 98 9
297 739 15 2
298 302 83 2
298 340 40 10
298 341 14 5
298 344 90 4
298 373 37 9
298 437 62 5
298 458 64 5
298 461 8 7
298 462 69 1
298 465 88 8
298 554 12 10
298 667 28 3
298 715 47 4
299 394 68 2
299 488 59 7
299 542 68 2
299 543 40 1
299 625 6 8
299 687 71 6
299 693 58 6
300 328 49 8
300 348 11 6
300 396 9 5
300 494 41 6
300 497 94 2
300 575 33 6
300 696 25 9
300 736 94 7
301 333 91 7
301 394 92 5
301 536 92 9
301 558 37 2
301 651 27 9
301 688 81 6
301 737 4 10
301 739 42 9
302 332 18 10
302 390 4 3
302 394 32 3
302 495 30 5
302 504 26 6
302 526 47 10
302 584 91 5
302 604 69 7
302 608 5 5
302 609 96 2
302 652 16 7
302 666 30 4
302 698 40 4
302 718 83 5
303 310 17 9
303 379 9 10
303 409 87 2
303 455 1 4
303 466 73 1
303 474 24 6
303 567 13 9
303 583 15 1
303 589 39 10
303 650 33 6
303 653 100 3
303 665 66 4
303 681 38 3
303 717 86 10
304 459 77 4
304 469 7 6
304 476 18 7
304 491 77 3
304 520 16 4
304 538 63 6
304 599 65 1
304 646 60 3
304 698 63 1
304 728 53 8
305 461 42 6
305 505 13 10
305 521 97 5
305 583 2 10
305 605 93 4
305 621 24 5
305 703 51 2
305 736 39 2
306 322 16 10
306 324 37 4
306 461 66 2
306 574 40 5
306 603 70 5
306 692 92 4
306 724 22 7
306 730 51 2
307 365 44 8
307 381 10 3
307 451 42 10
307 521 79 3
307 566 99 6
307 576 54 4
307 608 97 5
307 635 3 2
307 648 97 8
307 652 77 3
308 343 76 9
308 346 46 1
308 358 47 8
308 444 76 3
308 471 74 10
308 497 2 6
308 586 93 8
308 601 89 9
308 623 62 2
308 629 53 3
308 635 24 5
308 639 99 8
308 664 62 2
308 672 25 2
308 690 65 1
309 311 87 3
309 339 75 1
309 350 53 10
309 382 3 3
309 504 34 1
309 556 34 1
309 584 95 7
309 598 36 5
309 642 15 5
309 645 48 10
309 684 50 2
309 745 25 4
310 333 20 9
310 344 95 10
310 374 90 5
310 421 45 9
310 448 54 6
310 505 52 8
310 513 22 3
310 514 58 7
310 536 82 1
310 612 10 5
310 662 83 1
310 670 11 1
310 724 84 3
310 732 38 4
311 408 93 8
311 431 94 10
311 465 60 4
311 499 67 7
311 608 49 7
311 665 87 8
311 679 86 2
311 682 98 5
311 712 68 8
311 733 81 9
311 747 89 2
312 313 17 8
312 404 100 6
312 406 90 1
312 415 72 3
312 466 72 7
312 518 22 9
312 551 96 8
312 579 75 4
312 650 45 4
312 654 37 9
312 656 80 3
312 672 26 5
312 674 40 2
312 675 57 8
312 676 77 1
312 716 76 4
313 349 16 5
313 359 8 10
313 388 98 10
313 389 56 2
313 432 87 5
313 522 70 9
313 571 27 5
313 606 50 9
313 622 81 10
313 640 40 2
313 680 80 4
314 323 92 6
314 340 65 3
314 353 88 4
314 358 68 6
314 414 2 7
314 464 84 5
314 496 1 6
314 527 75 1
314 606 49 7
314 623 21 8
314 685 26 6
315 325 11 1
315 341 99 1
315 491 79 1
315 492 84 1
315 503 66 10
315 511 57 6
315 566 49 9
315 576 80 1
315 630 46 8
315 650 94 7
315 671 41 8
316 330 83 5
316 463 80 10
316 517 81 3
316 562 79 7
316 574 30 2
316 607 89 8
316 618 79 1
316 637 88 4
316 687 71 10
316 692 1 1
316 717 70 5
317 348 76 2
317 359 83 5
317 397 56 10
317 480 93 8
317 482 76 4
317 634 92 2
317 677 36 6
317 722 78 5
317 741 65 9
317 743 10 7
318 337 67 6
318 348 29 5
318 418 58 1
318 481 36 4
318 532 46 6
318 545 81 10
318 576 25 10
318 602 4 8
318 603 29 7
318 615 33 1
318 648 84 6
319 353 27 10
319 371 80 2
319 394 71 4
319 399 66 7
319 404 23 8
319 466 93 7
319 478 36 6
319 512 11 2
319 541 85 7
319 559 93 8
319 566 45 1
319 594 40 10
319 614 27 6
319 665 2 3
319 704 77 3
320 418 79 1
320 441 62 5
320 464 27 10
320 477 79 6
320 495 55 9
320 559 43 10
320 587 21 3
320 589 43 1
320 616 22 5
320 642 25 10
320 715 74 7
320 750 9 1
321 327 94 4
321 379 9 10
321 431 36 10
321 534 1 6
321 601 77 4
322 365 94 10
322 433 83 4
322 469 74 4
322 474 35 9
322 532 34 9
322 644 66 5
322 646 19 5
322 670 68 8
322 716 27 8
323 354 15 2
323 370 58 8
323 401 65 8
323 434 75 8
323 441 15 5
323 455 92 6
323 460 89 10
323 602 3 1
323 606 98 2
323 650 28 6
323 665 94 1
323 671 39 4
323 704 75 10
323 736 87 5
324 363 74 2
324 401 88 4
324 424 75 6
324 632 91 7
324 664 92 2
324 679 12 6
324 705 49 8
324 706 61 3
324 747 23 9
325 448 66 8
325 458 16 10
325 459 91 8
325 484 7 8
325 492 41 7
325 509 100 10
325 611 94 3
325 625 8 6
325 652 40 9
325 698 12 10
325 726 45 6
325 742 2 8
326 331 14 4
326 360 86 6
326 389 44 7
326 399 30 9
326 406 39 1
326 431 63 5
326 455 59 1
326 467 93 7
326 506 46 4
326 507 39 7
326 526 21 10
326 536 94 5
326 598 86 7
326 606 16 9
326 656 70 10
327 363 93 7
327 413 87 4
327 433 79 8
327 460 86 2
327 464 89 10
327 485 16 2
327 516 81 7
327 540 91 3
327 593 65 5
327 605 86 7
327 621 2 5
327 684 21 4
328 390 8 1
328 395 13 8
328 403 8 4
328 421 62 6
328 457 28 6
328 477 14 6
328 526 24 5
328 717 70 9
328 745 11 9
329 368 99 7
329 383 72 7
329 573 64 7
329 634 62 4
329 672 90 1
330 340 97 4
330 432 19 5
330 623 16 8
330 657 65 3
330 664 42 8
330 669 25 3
330 680 100 3
330 725 58 6
331 338 83 1
331 356 18 4
331 389 71 10
331 463 96 9
331 538 39 6
331 676 24 8
331 701 39 3
331 723 36 1
332 358 17 7
332 369 37 6
332 391 25 3
332 436 20 9
332 540 28 1
332 551 67 3
332 568 10 10
332 576 86 7
332 650 9 8
332 706 80 6
332 718 16 1
332 722 1 9
332 730 90 8
333 369 85 1
333 436 45 3
333 462 96 9
333 474 84 3
333 657 31 4
333 677 65 3
333 687 54 3
333 698 26 4
333 729 46 6
334 343 41 10
334 383 44 7
334 413 12 8
334 477 53 8
334 603 82 10
334 630 90 1
334 637 19 1
335 344 17 4
335 355 49 4
335 361 36 7
335 388 89 8
335 560 64 5
335 574 11 3
335 577 82 1
335 636 44 9
335 652 64 3
335 720 95 6
336 487 98 6
336 526 23 7
336 539 64 10
336 610 83 4
336 615 11 4
336 635 28 10
336 661 98 5
336 699 72 9
336 723 24 7
337 379 54 2
337 420 16 8
337 479 64 7
337 532 44 2
337 540 74 5
337 583 92 5
337 638 9 9
337 649 66 10
337 707 17 3
337 714 10 8
337 748 99 4
338 433 50 10
338 499 73 7
338 535 42 5
338 558 65 9
338 575 46 4
338 702 86 3
338 719 17 9
338 746 82 10
339 348 35 4
339 349 32 3
339 373 7 5
339 383 18 2
339 425 43 2
339 492 30 3
339 568 61 2
339 635 97 5
339 636 35 5
339 653 38 2
339 666 15 9
339 689 100 4
339 700 25 7
340 405 45 8
340 511 26 7
340 518 59 4
340 541 22 10
340 554 48 5
340 565 57 8
340 566 78 8
340 571 95 6
340 630 11 9
340 690 71 10
340 695 77 3
340 708 47 1
340 736 3 9
340 737 91 10
341 347 65 5
341 456 46 2
341 537 17 2
341 565 16 4
341 617 53 9
341 667 91 10
341 669 34 8
341 704 65 4
341 711 60 6
342 368 65 10
342 457 99 8
342 483 95 2
342 500 47 2
342 554 86 3
342 559 43 7
342 578 24 9
342 579 61 1
342 581 58 5
342 582 1 3
342 651 71 1
342 667 26 2
342 705 29 5
342 712 7 2
342 734 48 7
343 441 15 6
343 456 59 8
343 481 57 10
343 513 48 3
343 588 84 10
343 680 8 2
343 745 94 4
344 369 94 7
344 388 29 5
344 421 89 9
344 461 43 6
344 477 12 4
344 485 62 3
344 497 5 10
344 501 46 2
344 533 30 4
344 559 13 1
344 637 47 6
344 639 65 10
344 669 51 7
344 679 56 5
344 690 80 10
345 497 39 9
345 504 3 5
345 507 26 1
345 577 53 9
345 664 83 8
345 681 55 5
346 359 42 5
346 391 84 10
346 485 91 6
346 492 85 4
346 501 49 2
346 521 98 10
346 713 88 9
347 413 80 8
347 432 35 2
347 462 71 7
347 505 86 6
347 511 20 8
347 519 3 6
347 539 57 3
347 557 74 9
347 560 79 3
347 607 46 9
347 612 51 3
347 652 88 10
347 688 45 4
347 705 86 7
347 741 78 6
348 465 38 2
348 466 97 5
348 501 80 8
348 639 19 2
348 676 66 4
348 750 33 6
349 378 68 2
349 433 95 8
349 495 86 9
349 497 87 5
349 498 34 10
349 518 64 5
349 598 91 4
349 654 4 8
349 671 38 4
350 409 54 5
350 411 3 8
350 421 82 7
350 432 26 5
350 483 70 9
350 528 28 8
350 535 20 7
350 556 80 1
350 659 5 3
350 746 55 10
351 375 35 5
351 389 14 6
351 429 62 8
351 434 82 4
351 559 97 6
351 595 63 9
351 687 85 4
351 714 89 7
351 720 16 6
351 743 74 3
352 405 36 9
352 427 41 3
352 448 69 7
352 472 79 3
352 510 79 7
352 527 71 4
352 530 16 9
352 557 61 3
352 567 32 10
352 640 95 9
353 388 2 9
353 393 2 3
353 404 82 5
353 408 66 7
353 450 68 6
353 459 12 4
353 500 69 3
353 510 79 4
353 539 99 4
353 558 91 5
353 565 61 1
353 591 40 8
353 594 85 7
353 610 59 3
353 616 98 3
353 630 64 7
353 649 18 2
353 716 5 8
354 359 10 3
354 410 58 4
354 433 11 3
354 483 34 9
354 509 51 5
354 537 71 10
354 552 34 3
354 641 1 9
354 665 22 3
354 677 4 10
354 686 62 8
354 717 38 9
354 739 67 9
355 388 45 4
355 514 9 3
355 727 46 9
355 744 94 8
356 367 54 1
356 525 39 6
356 529 37 7
356 548 41 2
356 564 45 4
356 579 46 2
356 589 40 5
356 594 80 7
356 621 78 9
356 628 77 4
356 631 35 2
356 644 11 5
356 715 18 5
356 739 37 7
357 390 38 2
357 408 30 4
357 415 64 1
357 497 98 7
357 503 86 1
357 518 19 4
357 552 39 10
357 606 49 3
357 698 48 3
358 366 7 4
358 375 9 4
358 423 45 1
358 427 19 6
358 457 81 3
358 530 67 7
358 537 40 3
358 540 32 1
358 584 64 7
358 603 55 5
358 617 42 4
358 660 76 6
358 685 35 2
358 699 78 7
358 730 49 3
359 386 97 7
359 399 72 4
359 430 57 1
359 471 17 6
359 476 83 9
359 495 29 6
359 508 9 3
359 510 84 8
359 513 25 5
359 552 39 9
359 583 13 8
359 633 37 6
359 637 64 9
359 661 70 2
359 746 8 7
360 512 15 1
360 572 20 4
360 611 46 4
360 630 9 7
360 658 47 8
360 672 27 7
360 690 85 10
360 722 87 4
360 735 47 9
361 364 83 1
361 442 57 4
361 463 89 7
361 560 53 10
361 599 8 2
361 619 90 6
361 640 41 10
361 652 7 8
361 714 31 3
361 724 55 3
362 373 17 5
362 388 61 9
362 418 2 9
362 420 98 3
362 441 95 1
362 472 64 2
362 480 53 8
362 715 40 9
362 737 63 8
363 371 20 7
363 413 89 10
363 439 60 4
363 440 48 3
363 477 70 7
363 492 52 7
363 505 10 10
363 595 34 6
363 605 4 1
363 721 22 1
363 728 61 6
363 746 92 3
364 383 14 7
364 394 61 7
364 439 15 1
364 466 63 5
364 468 99 3
364 474 13 7
364 556 15 8
364 610 8 3
364 629 54 7
364 632 83 10
364 663 78 4
364 695 55 5
364 716 40 8
364 743 79 4
365 368 89 1
365 371 34 9
365 444 31 8
365 521 41 4
365 525 55 10
365 542 41 9
365 569 37 3
365 573 64 7
365 585 32 1
365 635 88 6
365 637 26 10
365 659 76 7
365 722 60 6
366 372 56 10
366 381 81 2
366 386 70 9
366 415 45 4
366 434 91 8
366 440 90 7
366 459 3 5
366 477 60 3
366 551 30 9
366 577 42 6
366 600 56 1
366 642 18 1
366 644 68 9
366 658 21 3
366 665 36 8
366 689 41 4
366 703 89 5
366 732 77 3
366 738 45 7
367 455 58 8
367 561 55 7
367 594 63 8
367 632 86 2
367 729 31 1
368 385 68 7
368 430 21 5
368 447 9 3
368 458 13 5
368 460 16 5
368 473 68 9
368 527 94 4
368 560 90 1
368 593 95 7
368 597 99 2
368 601 39 10
368 633 89 9
368 666 58 5
368 667 74 5
368 683 76 6
368 723 56 3
369 414 22 2
369 431 49 4
369 439 100 3
369 478 5 5
369 500 68 7
369 550 6 4
369 635 21 7
369 637 11 7
369 638 97 7
369 640 21 1
369 659 88 4
369 670 73 9
369 701 74 6
370 373 14 6
370 417 63 5
370 440 55 8
370 463 25 6
370 475 69 4
370 505 99 7
370 518 40 1
370 586 100 1
370 612 58 10
370 675 50 10
370 684 35 10
370 703 94 8
370 714 68 9
370 736 7 3
371 468 70 4
371 481 60 9
371 484 53 4
371 515 28 10
371 541 25 1
371 608 52 7
371 630 66 2
371 656 29 7
371 663 48 8
371 715 19 3
371 730 81 9
371 739 20 1
371 746 99 5
372 456 44 10
372 509 5 6
372 563 46 9
372 588 20 4
372 664 40 3
372 675 5 7
372 698 15 6
373 386 47 1
373 429 98 10
373 441 68 2
373 542 19 9
373 567 83 10
373 706 85 5
373 725 45 2
373 735 40 5
374 386 82 9
374 407 31 5
374 440 61 6
374 454 5 4
374 472 60 4
374 542 45 10
374 596 31 2
374 691 51 1
374 705 67 8
374 721 52 1
375 453 59 5
375 529 71 7
375 534 73 9
375 616 82 6
375 681 34 4
375 686 57 10
375 688 24 4
376 390 97 3
376 401 93 10
376 495 94 6
376 534 19 9
376 656 41 10
376 658 68 1
376 671 47 10
376 673 98 1
376 748 29 5
377 390 67 3
377 474 2 1
377 493 59 3
377 552 93 10
377 572 91 1
377 657 40 2
377 679 14 2
377 727 65 3
378 439 53 6
378 466 90 3
378 525 89 6
378 534 37 3
378 536 86 9
378 584 73 2
378 628 6 9
378 636 30 6
378 643 69 1
378 645 41 6
378 660 98 7
378 684 13 5
378 695 17 8
378 701 53 1
378 748 7 2
379 381 83 7
379 415 96 10
379 422 48 10
379 485 59 7
379 508 79 3
379 548 56 6
379 584 54 5
379 587 53 9
379 594 52 5
379 666 32 8
379 673 18 7
379 707 24 7
380 393 89 1
380 410 52 8
380 440 73 2
380 456 71 5
380 564 92 9
380 626 6 6
380 673 7 7
380 729 53 7
381 386 86 8
381 387 90 4
381 462 95 10
381 487 48 9
381 492 55 2
381 567 16 3
381 583 14 6
381 627 45 4
381 633 42 8
381 730 29 1
381 750 72 3
382 402 95 2
382 425 33 1
382 430 86 3
382 493 69 10
382 564 7 7
382 617 24 10
382 652 69 5
382 716 64 8
382 725 83 6
382 750 72 1
383 441 48 2
383 468 42 7
383 624 79 7
384 393 21 1
384 399 16 5
384 401 55 1
384 432 23 6
384 500 87 2
384 536 20 10
384 546 34 2
384 573 56 8
384 578 1 6
384 617 66 4
384 624 14 5
384 640 42 6
384 653 7 8
384 663 65 5
384 688 74 9
384 692 57 10
385 460 30 5
385 492 50 6
385 498 98 1
385 501 86 6
385 503 35 6
385 505 3 8
385 549 29 5
385 573 58 8
385 604 52 6
385 608 67 7
385 618 60 2
385 644 76 2
385 660 55 3
385 710 32 3
385 729 65 1
385 734 94 10
385 735 77 4
386 531 45 5
386 562 76 8
386 563 56 1
386 583 11 4
386 590 68 1
386 685 96 6
386 746 83 2
387 389 24 6
387 464 98 8
387 533 43 3
387 627 13 7
388 427 93 7
388 439 64 7
388 488 73 5
388 533 26 1
388 593 19 7
388 607 7 2
388 670 27 1
388 722 98 7
389 419 14 5
389 426 4 3
389 443 80 3
389 454 2 7
389 487 41 3
389 555 49 9
389 699 12 8
389 726 1 4
389 737 1 7
390 405 35 1
390 425 65 1
390 475 10 6
390 524 33 6
390 562 77 1
390 565 49 1
390 575 81 8
390 580 30 2
390 598 82 4
390 625 12 2
390 667 27 6
391 395 58 7
391 423 7 1
391 508 69 6
391 532 72 7
391 563 96 3
391 573 43 5
391 613 28 5
391 641 8 8
391 652 53 6
391 720 95 5
392 399 31 6
392 441 92 2
392 461 61 3
392 497 69 7
392 506 32 10
392 510 20 5
392 525 61 10
392 531 1 2
392 541 74 10
392 582 97 2
392 628 82 10
393 398 63 4
393 417 100 8
393 541 33 7
393 552 98 5
393 603 42 9
393 637 88 8
393 673 18 2
393 678 71 1
393 714 33 7
393 719 8 8
393 739 74 2
394 406 77 6
394 457 42 3
394 560 1 9
394 592 33 10
394 595 39 10
394 601 10 9
394 604 43 9
394 638 12 4
394 655 33 7
394 715 29 6
394 717 3 7
395 588 62 3
395 597 25 3
395 610 83 2
395 686 20 1
395 721 3 7
396 418 16 9
396 423 19 2
396 424 7 7
396 448 72 7
396 498 30 6
396 546 39 5
396 569 6 5
396 575 14 1
396 583 86 7
396 588 84 3
396 634 40 9
396 672 50 4
396 697 61 6
396 701 97 6
396 718 11 3
396 726 96 2
397 430 97 6
397 456 60 3
397 485 50 9
397 516 14 8
397 537 13 5
397 666 76 3
397 701 70 8
397 739 68 7
397 744 30 7
397 746 15 5
398 473 9 3
398 478 12 1
398 552 22 1
398 573 65 1
398 580 39 6
398 584 76 7
398 594 57 1
398 615 5 8
398 626 89 10
398 693 77 7
398 718 98 4
399 445 62 9
399 466 13 10
399 470 35 4
399 505 71 7
399 510 14 3
399 519 40 5
399 554 36 9
399 618 3 5
399 623 72 10
399 646 32 10
399 657 31 5
399 659 75 7
399 718 96 8
399 731 52 4
400 427 24 4
400 451 32 1
400 472 20 4
400 487 97 6
400 663 91 9
400 700 61 5
400 715 96 4
400 724 11 3
401 443 22 4
401 451 70 3
401 484 36 7
401 495 68 2
401 539 16 5
401 591 61 6
401 612 51 8
401 641 68 1
401 732 57 3
401 738 83 9
402 416 50 10
402 460 20 8
402 507 1 9
402 527 96 8
402 530 33 8
402 556 92 8
402 564 93 8
402 664 24 6
402 677 79 6
402 708 41 1
402 727 85 8
402 739 27 9
403 413 12 1
403 416 21 10
403 417 99 9
403 525 20 10
403 547 92 10
403 548 71 1
403 613 5 2
403 707 2 1
404 409 61 10
404 416 67 1
404 467 36 3
404 477 80 9
404 520 66 6
404 617 98 3
404 654 28 3
404 718 93 3
405 416 15 3
405 418 34 4
405 421 19 9
405 428 80 5
405 488 76 6
405 541 16 10
405 546 69 4
405 577 7 4
405 596 32 4
405 719 32 1
406 447 46 7
406 475 52 5
406 515 36 10
406 533 39 7
406 568 3 2
406 619 10 9
406 627 16 7
406 642 86 8
406 658 65 10
406 684 58 9
406 686 61 1
406 692 38 6
406 694 56 7
406 726 60 6
406 733 56 4
406 742 77 10
407 443 79 10
407 455 62 10
407 461 83 9
407 466 3 5
407 508 49 4
407 624 20 10
407 657 17 5
407 718 82 2
408 432 73 8
408 441 80 9
408 474 33 8
408 497 41 8
408 571 74 1
408 588 26 2
408 611 77 9
408 654 20 4
408 679 58 8
408 684 85 10
408 695 93 3
408 696 60 2
408 727 4 10
408 740 66 4
409 487 25 5
409 507 72 6
409 510 6 10
409 530 73 4
409 609 40 2
409 627 73 5
409 647 16 1
409 649 3 9
409 709 77 4
409 742 11 6
410 523 79 1
410 536 12 5
410 545 99 10
410 593 3 2
410 734 68 10
411 440 43 5
411 503 76 2
411 577 55 4
411 695 4 6
411 719 36 6
412 438 70 4
412 448 95 10
412 521 92 9
412 537 10 3
412 580 15 10
412 660 30 9
412 720 68 7
412 735 56 1
412 740 26 10
413 414 57 6
413 491 62 8
413 493 10 4
413 505 70 2
413 506 39 8
413 510 48 8
413 530 11 6
413 531 49 5
413 534 17 4
413 537 69 7
413 546 36 4
413 575 52 6
413 588 30 3
413 590 79 2
413 639 79 3
413 707 92 5
413 721 98 1
413 729 4 7
414 438 23 1
414 450 77 5
414 512 15 6
414 535 69 1
414 537 5 6
414 564 80 2
414 621 85 4
414 664 65 1
415 419 51 1
415 422 43 1
415 427 48 1
415 432 42 9
415 445 96 3
415 499 17 4
415 685 50 5
415 690 59 5
415 704 74 7
415 707 67 9
415 748 51 3
416 457 27 4
416 503 33 8
416 512 36 7
416 514 14 2
416 533 70 1
416 623 89 4
416 624 54 6
416 636 82 7
416 642 100 5
416 716 97 4
417 441 90 2
417 502 54 6
417 508 5 6
417 528 21 10
417 543 32 8
417 631 80 6
417 743 55 7
418 430 66 6
418 432 17 7
418 499 96 5
418 506 58 7
418 543 43 2
418 548 16 5
418 550 67 6
418 564 81 4
418 578 53 4
418 597 41 9
418 636 75 6
418 658 92 1
418 695 13 5
419 462 41 8
419 502 33 10
419 505 67 8
419 534 7 9
419 556 68 9
419 562 82 3
419 567 28 4
419 602 63 5
419 630 55 5
419 637 1 5
419 654 78 7
419 689 48 6
419 698 52 1
420 422 37 7
420 575 22 4
420 632 38 4
420 634 17 4
420 646 64 2
420 678 52 4
420 699 35 3
421 482 54 1
421 497 46 6
421 509 87 7
421 595 16 7
421 662 35 2
421 679 66 10
421 685 46 2
421 691 31 8
421 733 40 6
422 425 43 6
422 443 56 9
422 446 92 7
422 490 65 2
422 505 59 7
422 523 34 6
422 528 64 2
422 554 24 10
422 643 80 10
422 681 63 7
422 731 21 6
423 478 95 3
423 511 43 7
423 535 97 10
423 591 72 8
423 632 83 5
423 647 41 3
423 657 95 9
423 717 18 7
423 741 66 5
424 425 14 9
424 584 88 5
424 611 76 8
424 659 30 7
424 671 54 9
424 692 91 6
424 694 15 2
424 716 14 5
424 726 76 10
424 748 14 6
425 505 14 4
425 540 87 6
425 569 48 7
425 648 99 9
425 713 63 7
425 724 6 3
426 462 70 8
426 469 98 6
426 499 99 8
426 544 60 1
426 563 14 4
426 603 3 8
426 635 59 1
426 639 41 8
426 673 57 1
426 704 47 2
427 473 13 9
427 511 23 7
427 625 3 4
427 644 74 10
427 731 55 8
428 434 21 8
428 437 14 3
428 523 97 7
428 531 38 4
428 548 61 3
428 626 54 9
428 685 81 3
429 474 15 7
429 607 18 3
429 608 19 2
429 614 25 8
429 626 66 5
429 720 52 10
429 735 51 6
429 737 98 4
430 445 18 3
430 488 97 5
430 525 42 5
430 583 14 6
430 622 14 10
430 634 52 8
430 637 33 1
430 692 5 7
430 746 6 1
431 498 55 10
431 520 87 2
431 532 15 3
431 544 98 2
431 545 37 3
431 568 79 2
431 569 29 3
431 631 23 1
431 669 48 9
432 447 18 5
432 479 88 6
432 497 82 1
432 504 97 6
432 571 18 9
432 596 30 10
432 615 50 1
432 617 17 6
432 704 43 8
432 728 82 1
433 452 81 1
433 466 35 6
433 495 22 3
433 502 10 9
433 709 49 5
433 737 69 9
433 741 25 6
434 488 95 8
434 544 86 4
434 603 25 5
434 668 4 6
434 703 64 5
435 462 33 10
435 497 25 2
435 531 4 8
435 547 94 7
435 651 2 4
435 696 67 7
435 738 57 7
436 540 75 5
436 582 15 4
436 584 73 8
436 613 25 3
436 624 53 6
436 629 50 5
436 658 52 7
436 668 62 10
436 694 100 4
436 735 4 9
436 747 8 4
437 465 70 9
437 484 65 8
437 571 3 2
437 636 71 7
437 667 56 7
437 728 75 2
438 454 39 4
438 482 82 2
438 491 86 2
438 494 60 3
438 500 81 5
438 532 66 10
438 548 10 7
438 563 52 9
438 589 20 9
438 590 71 10
438 602 36 10
438 659 59 7
438 683 15 1
438 744 4 9
439 452 59 3
439 505 1 2
439 538 84 1
439 619 90 10
439 637 42 7
439 641 40 9
439 645 40 4
439 671 2 7
439 688 42 1
440 467 43 9
440 469 28 6
440 495 41 7
440 515 1 4
440 569 42 6
440 617 71 10
440 715 2 3
441 475 82 7
441 504 94 9
441 553 55 5
441 556 4 4
441 580 1 8
441 600 32 7
441 618 8 7
441 624 43 6
441 666 64 6
441 696 29 5
442 454 90 7
442 509 14 2
442 510 85 1
442 572 24 3
442 651 42 9
442 682 80 5
442 691 86 7
443 500 47 6
443 535 5 8
443 561 83 1
443 579 66 10
443 593 37 1
443 633 32 6
443 696 100 6
443 709 31 4
443 716 65 1
444 478 61 6
444 517 100 8
444 640 10 9
444 650 85 5
444 652 75 10
444 658 34 10
444 675 30 7
444 684 58 5
445 500 30 8
445 547 72 8
445 586 24 8
445 594 95 5
445 600 3 6
445 662 88 7
445 678 66 7
445 694 84 7
446 458 95 7
446 471 23 8
446 548 13 6
446 559 55 1
446 613 60 9
446 620 24 5
446 649 26 1
446 664 59 5
446 694 84 6
446 716 47 5
447 468 62 6
447 486 21 5
447 521 15 4
447 562 87 5
447 577 18 1
447 595 23 10
447 607 70 8
447 632 22 10
447 727 71 4
447 736 81 6
448 460 21 2
448 490 73 8
448 536 57 7
448 552 80 3
448 587 77 3
448 588 93 1
448 593 90 5
448 603 60 1
448 647 81 2
448 652 65 4
448 663 31 6
448 703 6 6
449 464 76 10
449 511 79 2
449 518 55 10
449 587 34 4
449 619 79 9
449 687 62 4
449 691 95 8
450 499 77 8
450 544 52 6
450 579 60 6
450 583 79 9
450 584 86 7
450 634 64 3
450 655 99 5
450 722 21 2
451 453 9 10
451 492 27 6
451 526 97 1
451 544 29 3
451 552 68 3
451 612 87 2
451 619 6 4
451 620 81 2
451 651 80 1
451 666 43 9
451 682 33 10
452 551 92 10
452 601 44 9
452 634 2 1
452 686 6 7
452 745 58 1
453 462 39 6
453 480 18 10
453 529 46 6
453 538 1 9
453 543 75 4
453 564 59 1
453 565 95 4
453 632 79 10
453 640 86 1
453 647 38 10
453 649 22 8
453 681 54 5
453 731 55 4
453 737 21 5
454 476 36 10
454 589 47 5
454 660 100 7
454 692 57 1
454 727 34 2
455 499 18 1
455 502 60 8
455 520 68 9
455 595 69 1
455 619 41 5
455 638 87 1
455 668 12 6
455 677 56 2
456 534 55 8
456 593 98 7
456 638 67 6
456 655 10 2
456 689 88 7
456 717 48 3
456 723 3 4
456 724 91 1
456 736 53 4
456 741 70 10
456 742 51 4
456 750 11 7
457 470 59 7
457 528 4 9
457 550 74 2
457 551 13 4
457 705 22 8
457 729 78 6
458 468 14 7
458 592 78 9
458 612 7 7
458 642 52 5
458 671 65 5
458 715 97 2
459 479 8 7
459 539 8 7
459 558 80 5
459 563 22 1
459 564 29 7
459 567 76 7
459 590 31 9
459 667 31 1
459 689 4 9
459 749 2 4
460 489 46 5
460 515 97 3
460 523 13 6
460 525 73 10
460 541 51 2
460 563 25 7
460 600 10 10
460 655 83 7
460 697 28 5
460 699 9 8
460 709 54 4
460 724 60 5
461 536 15 4
461 556 32 5
461 573 40 10
461 607 84 6
461 655 83 3
461 670 40 7
461 676 2 1
461 724 92 5
462 463 81 2
462 506 2 6
462 539 2 7
462 581 14 3
462 592 13 2
462 593 43 5
462 641 25 5
463 471 85 4
463 545 51 3
463 576 87 2
463 606 58 5
463 690 93 5
463 694 25 1
464 655 82 3
464 718 94 5
465 593 38 10
465 601 87 8
465 620 81 10
465 657 61 5
465 659 65 2
465 709 79 6
465 720 20 8
466 478 32 6
466 497 85 4
466 532 55 10
466 567 93 1
466 638 8 8
466 684 47 10
466 711 48 2
466 750 97 6
467 486 38 7
467 544 8 5
467 593 78 9
467 642 59 6
468 473 3 7
468 490 85 3
468 499 88 7
468 506 12 1
468 555 22 8
468 558 45 6
468 591 89 2
468 683 76 9
468 718 54 2
469 495 30 1
469 500 4 7
469 564 95 10
469 587 5 5
469 627 41 3
469 704 86 6
469 730 47 6
469 731 33 2
469 735 56 9
470 495 78 8
470 576 18 1
470 582 45 3
470 613 88 5
470 659 81 8
470 730 81 9
470 745 4 6
471 493 9 9
471 520 65 4
471 530 13 3
471 549 51 8
471 585 52 1
471 663 61 4
471 703 54 4
471 711 94 8
471 726 94 8
472 512 9 2
472 563 39 9
472 570 22 7
472 579 86 2
472 723 67 3
472 746 91 1
473 480 2 3
473 522 39 1
473 574 72 1
473 586 20 10
473 607 36 4
473 683 85 7
473 696 14 5
473 749 26 2
473 750 14 4
474 498 42 7
474 505 50 2
474 527 69 2
474 551 34 9
474 604 78 1
474 605 28 2
474 608 40 10
474 612 54 2
474 647 16 10
474 669 60 2
474 727 14 8
475 498 42 3
475 570 50 7
475 685 17 5
475 742 98 2
476 499 91 4
476 503 53 4
476 514 62 5
476 558 70 9
476 572 97 2
476 574 33 4
476 578 14 6
476 580 45 3
476 601 70 1
476 609 30 5
476 626 3 9
476 727 5 8
477 518 93 9
477 527 11 7
477 570 23 6
477 572 62 7
477 575 78 10
477 663 96 7
477 673 13 2
478 506 53 6
478 562 37 4
478 676 92 6
478 696 37 3
478 732 22 1
479 494 16 1
479 548 65 6
479 554 14 9
479 737 58 4
480 491 61 5
480 511 91 10
480 534 40 5
480 619 80 10
480 668 87 5
480 677 51 9
480 722 53 5
481 491 76 3
481 588 34 1
481 604 32 6
481 644 15 3
481 665 1 9
481 677 76 5
481 701 70 9
481 723 53 5
481 734 41 1
481 739 37 6
482 495 60 2
482 549 44 1
482 647 16 1
482 653 39 2
482 676 18 3
482 712 4 3
482 730 81 8
483 514 79 2
483 591 91 3
484 498 100 1
484 500 33 7
484 576 40 6
484 606 87 3
484 630 90 7
484 647 13 3
484 693 78 9
484 726 57 5
484 730 25 9
484 734 60 7
484 748 4 10
485 517 41 3
485 526 66 9
485 540 97 3
485 584 18 8
485 618 81 1
485 642 65 4
485 646 78 8
485 661 7 5
485 677 73 10
486 590 33 7
486 617 45 9
486 643 31 2
486 653 51 4
486 690 66 10
487 539 73 6
487 597 23 10
487 602 2 1
487 627 48 4
488 511 95 2
488 512 76 1
488 566 57 3
488 587 75 8
488 627 16 1
488 628 23 9
488 670 70 2
488 690 30 10
488 700 1 6
488 715 81 7
489 520 66 3
489 537 69 5
489 555 97 6
489 565 75 4
489 600 26 5
489 620 3 2
489 621 100 6
489 711 93 10
489 714 91 2
490 492 94 10
490 504 15 6
490 573 18 8
490 593 14 2
490 630 22 10
490 649 80 4
490 661 80 10
490 671 82 9
490 682 2 2
491 497 80 6
491 534 99 2
491 584 30 7
491 606 37 8
491 619 63 8
491 666 14 10
491 708 14 3
491 736 69 6
491 741 69 5
492 522 3 1
492 555 20 2
492 574 21 6
492 625 46 10
492 661 84 1
492 663 99 3
492 724 99 3
493 503 14 1
493 589 68 6
493 620 28 8
493 674 26 2
493 681 61 8
493 744 17 2
494 536 82 4
494 615 39 3
494 640 91 6
494 645 61 1
494 719 82 10
494 746 22 4
495 547 61 6
495 727 10 9
495 737 32 5
496 519 62 1
496 522 27 4
496 586 88 1
496 613 14 9
496 625 85 3
496 702 69 2
497 547 94 9
497 554 77 5
497 559 95 2
497 599 31 8
497 652 96 5
497 654 76 6
497 707 49 5
498 539 4 1
498 697 73 10
498 702 96 10
498 706 23 7
498 714 21 2
498 728 27 1
498 739 63 10
498 740 96 4
499 501 49 8
499 514 10 8
499 687 53 9
499 698 19 10
499 712 55 6
500 513 60 9
500 554 17 8
500 592 41 6
500 614 98 5
500 632 34 2
500 706 83 4
501 504 58 2
501 508 48 8
501 539 86 7
501 561 15 6
501 563 35 1
501 578 71 10
501 590 75 9
501 603 74 5
501 633 63 7
502 521 21 3
502 587 64 2
502 647 97 3
502 653 30 6
502 667 74 7
502 732 27 7
503 526 48 7
503 533 37 7
503 614 50 10
503 624 35 6
503 636 26 5
503 717 82 9
504 505 51 1
504 656 10 6
504 664 74 8
504 705 80 2
504 709 78 4
504 715 85 6
504 726 44 2
504 739 88 6
505 536 1 5
505 658 30 5
505 677 60 1
506 584 16 5
506 634 12 4
506 714 26 7
507 537 93 9
507 570 86 8
507 626 100 6
507 634 2 10
507 641 72 3
507 702 66 2
507 728 53 8
507 729 19 9
507 734 94 4
507 746 15 8
508 527 39 9
508 563 48 5
508 621 76 2
508 696 19 2
508 747 52 8
509 511 12 9
509 518 52 5
509 561 33 2
509 572 66 1
509 618 34 7
509 647 54 9
509 744 89 10
509 746 65 2
510 522 47 3
510 532 93 10
510 562 46 3
510 665 24 8
510 688 5 8
511 566 86 7
511 573 98 1
511 690 54 4
512 567 89 3
512 681 49 3
512 688 73 1
512 723 39 3
512 729 61 6
513 526 4 2
513 567 71 7
513 622 59 2
513 634 51 9
513 661 57 10
513 695 28 4
513 698 91 1
513 705 59 5
514 520 45 1
514 651 61 3
514 692 43 9
515 557 29 6
515 576 10 3
515 583 50 7
515 604 70 7
515 645 33 4
515 647 32 3
515 689 87 10
515 740 87 1
516 582 61 7
516 604 7 2
516 642 36 10
516 688 80 2
516 712 96 10
517 534 99 8
517 593 18 5
517 705 20 8
517 714 78 5
517 733 21 1
518 616 66 4
518 677 80 3
518 680 42 3
518 722 95 5
519 563 60 8
519 593 2 9
519 596 42 6
519 597 33 8
519 678 20 7
519 711 81 7
520 577 97 8
520 579 78 6
520 621 35 2
520 639 76 2
520 662 100 1
520 701 45 3
521 668 26 1
521 728 74 8
522 524 43 10
522 541 16 2
522 584 84 8
522 636 62 6
522 638 92 5
522 678 28 5
522 732 8 10
522 737 26 3
523 556 47 4
523 595 43 3
523 599 17 7
523 635 51 4
523 681 72 9
523 697 88 8
524 580 32 6
524 697 14 4
524 728 37 9
525 565 14 6
525 568 30 4
525 603 90 10
525 612 12 10
525 661 18 9
526 712 89 4
526 734 78 9
526 741 8 5
526 744 22 3
527 569 47 7
527 572 16 2
527 691 9 4
527 734 85 10
528 533 39 8
528 563 26 9
528 633 99 5
528 637 52 5
528 642 29 2
528 682 5 2
529 559 73 4
529 603 95 3
529 619 85 9
529 632 16 4
529 683 49 9
530 533 85 7
530 581 50 8
530 729 63 8
531 597 5 8
531 634 13 3
531 645 43 1
532 677 16 6
532 686 55 1
533 567 22 5
533 690 9 1
533 736 27 2
533 738 49 7
534 548 43 8
534 560 70 9
534 610 17 8
534 646 82 9
535 607 34 2
535 636 58 2
535 659 44 10
535 706 50 5
535 736 34 10
536 550 80 5
536 569 46 9
536 584 47 2
536 611 56 8
536 714 52 1
537 547 5 10
537 747 4 8
538 565 51 8
538 580 100 10
538 627 75 3
538 680 13 3
539 639 6 4
539 647 88 4
539 650 6 9
539 658 4 6
539 674 8 9
539 675 65 7
539 700 59 1
539 726 79 7
539 749 87 8
540 585 47 1
540 587 91 4
540 658 5 2
540 666 75 3
540 677 71 3
540 708 65 10
541 621 83 1
541 622 32 1
541 664 25 4
542 575 96 2
542 586 13 3
542 606 100 8
542 668 47 5
542 692 31 5
543 546 35 2
543 563 3 6
543 623 10 2
543 655 57 6
543 671 54 4
543 687 35 5
543 738 11 8
544 567 2 9
544 645 5 9
544 710 93 10
544 720 60 10
544 733 24 2
544 736 9 10
545 555 14 8
545 621 19 4
545 631 34 1
545 701 97 4
545 702 44 3
545 710 26 5
545 749 80 9
547 552 62 8
547 560 58 7
547 576 50 4
547 613 42 5
547 625 56 8
547 745 60 5
548 567 28 10
548 600 86 8
549 584 48 4
549 610 74 8
549 612 23 5
549 675 46 4
549 693 42 4
549 747 71 9
550 615 36 10
550 654 53 2
550 670 79 7
550 684 72 4
550 701 9 6
550 743 62 7
551 692 5 9
551 713 38 5
552 560 13 7
552 630 6 8
552 651 68 10
552 657 29 7
552 704 50 2
553 642 67 10
553 658 49 5
554 565 15 9
554 620 43 10
554 740 40 8
555 657 17 10
555 671 50 9
555 681 48 10
555 723 70 7
555 736 70 5
556 615 24 10
556 682 79 8
556 746 97 2
556 749 51 6
557 583 78 5
557 620 76 1
557 741 26 4
558 652 12 2
558 740 39 2
559 571 83 4
559 578 29 1
559 589 27 10
559 621 5 6
559 639 84 1
559 648 71 2
559 691 62 5
559 694 4 10
559 713 39 6
559 717 96 9
559 720 39 6
559 748 3 3
560 576 30 8
560 579 20 8
560 583 13 4
560 604 14 8
560 675 43 8
560 679 58 6
560 727 81 8
561 572 65 9
561 642 67 5
561 747 62 2
562 573 40 10
562 574 93 9
562 584 29 10
562 616 33 8
562 658 88 7
562 683 16 5
562 685 52 9
562 705 10 7
562 744 88 7
563 612 3 3
563 619 100 9
563 632 81 2
564 582 11 2
564 597 75 3
564 656 46 8
564 699 89 7
565 599 50 4
565 653 81 1
565 725 32 8
565 728 50 2
566 575 42 8
566 665 100 8
566 684 84 6
566 733 11 5
567 660 47 9
567 682 78 3
567 684 56 4
567 687 27 7
567 717 11 4
567 741 80 8
568 578 50 4
568 609 21 2
568 622 57 5
568 690 33 9
569 689 1 1
569 712 26 9
569 723 30 8
569 731 9 10
570 604 67 10
570 605 60 2
570 630 20 6
571 580 21 9
571 588 9 9
571 680 7 1
571 682 27 2
572 628 14 2
572 630 47 3
572 644 58 10
572 679 55 2
572 711 100 1
572 750 17 1
573 577 96 10
573 672 82 1
573 673 53 8
573 677 15 3
573 685 43 3
573 697 75 8
574 656 37 3
574 673 61 5
574 679 69 6
574 733 49 9
575 636 60 3
575 663 21 10
575 713 92 3
575 739 2 9
576 578 77 5
576 690 66 5
576 748 23 9
577 601 63 9
577 602 85 10
577 691 35 9
577 722 100 9
578 633 94 4
578 660 68 9
578 703 9 4
578 709 70 1
579 595 77 3
579 708 20 3
580 631 47 9
580 643 62 7
580 661 55 2
580 665 26 6
580 709 30 6
580 721 21 1
581 591 81 8
581 593 80 4
581 600 35 6
581 651 51 7
581 716 42 2
581 738 17 1
581 746 5 9
582 630 76 4
582 649 45 5
582 656 16 6
582 664 13 4
582 668 2 7
582 701 61 6
582 744 27 1
583 597 79 3
583 655 52 4
583 680 54 4
583 688 93 9
583 750 21 9
584 633 94 8
584 684 87 10
585 644 29 9
585 665 71 1
585 721 47 5
586 602 69 10
586 652 44 2
586 672 100 2
586 698 35 8
587 597 34 3
587 669 83 9
587 728 18 4
587 735 31 8
588 598 65 4
588 661 63 3
588 725 17 2
589 651 93 1
589 655 42 4
589 656 71 3
589 658 22 10
589 661 64 1
589 738 31 8
590 620 75 2
590 651 63 6
590 732 90 8
591 604 72 7
591 680 26 3
591 741 76 4
592 598 73 8
592 609 39 9
592 635 1 9
592 638 17 4
592 660 97 5
592 678 29 6
592 723 11 7
593 674 29 10
593 692 83 7
593 720 75 9
594 607 70 8
594 618 36 8
594 654 30 4
594 699 44 2
594 714 23 4
594 725 90 9
595 728 27 9
596 667 53 5
596 700 100 2
596 710 55 1
596 741 42 9
597 598 35 8
597 621 91 10
597 681 98 5
597 703 48 2
597 711 59 3
597 712 28 3
598 682 13 9
598 689 67 6
598 734 50 2
599 600 17 7
599 635 85 6
599 655 89 1
599 667 47 7
599 702 86 6
599 722 29 1
599 747 85 3
600 679 13 10
600 702 36 1
600 724 33 4
600 739 88 2
601 606 10 5
601 655 76 3
601 663 43 9
601 671 45 10
601 690 30 5
601 696 36 1
601 723 13 4
601 726 84 8
601 745 50 10
601 748 56 10
602 633 40 10
603 672 48 3
603 727 55 4
604 609 86 9
604 638 4 2
604 651 97 5
604 711 65 3
604 719 35 9
605 617 74 10
605 629 95 2
605 748 13 3
606 652 40 2
606 671 37 1
606 708 64 6
606 715 30 8
607 675 76 3
607 676 15 7
607 694 93 7
607 711 72 2
608 711 21 4
608 744 71 9
609 636 89 10
609 642 61 8
609 659 3 8
609 669 79 10
609 679 28 7
609 741 76 4
610 639 100 8
610 644 57 9
610 660 50 9
610 727 75 3
611 634 74 9
611 724 20 5
611 731 75 10
612 663 59 2
613 658 65 2
613 743 53 5
614 651 11 2
614 668 15 9
614 747 48 6
615 727 39 9
615 740 78 6
615 749 30 1
616 694 87 6
616 744 31 2
617 647 49 7
617 653 82 1
617 659 89 9
617 686 21 1
617 693 48 1
618 630 23 6
618 639 58 2
618 718 56 4
619 623 88 1
619 626 19 6
619 663 40 9
619 666 43 2
619 732 97 2
621 627 90 9
621 690 31 6
621 722 60 4
621 728 57 6
621 750 70 9
622 644 90 3
622 731 7 5
622 740 5 6
623 624 98 6
623 656 95 10
623 735 61 3
624 630 26 8
624 647 66 10
624 676 17 10
624 678 61 10
624 746 72 5
625 657 75 5
625 693 74 2
625 717 45 2
626 635 6 1
626 692 38 7
627 634 37 1
627 716 6 3
628 637 94 3
629 747 98 5
630 694 38 4
630 699 67 7
630 713 39 9
630 747 84 10
631 697 99 8
631 715 61 9
631 718 47 7
631 727 12 7
632 672 72 10
632 679 14 9
632 705 35 10
632 728 63 10
632 748 93 1
633 674 77 3
633 708 2 3
633 715 64 7
633 716 67 10
633 742 10 8
633 744 27 8
635 640 70 5
635 647 19 10
635 665 99 8
635 674 24 1
635 707 52 2
635 720 4 9
635 729 6 3
635 739 6 10
635 741 68 6
636 659 33 9
636 670 71 2
636 715 89 2
637 663 49 6
638 641 24 3
638 652 72 3
639 654 23 3
639 674 67 7
639 675 48 2
639 689 70 7
639 705 39 3
640 652 33 3
640 664 8 5
640 714 14 9
640 740 46 3
640 741 60 3
641 684 90 3
642 654 57 4
642 691 39 9
642 736 53 1
643 652 29 4
643 726 33 9
643 740 62 3
644 652 64 4
644 665 6 4
644 694 51 6
644 744 66 4
645 652 52 9
645 678 35 4
645 687 36 4
645 697 70 5
646 657 75 1
646 746 66 1
647 743 65 10
648 681 6 3
648 735 1 9
649 662 77 4
649 698 38 9
650 698 54 5
650 743 67 8
651 707 81 6
651 746 48 6
652 662 27 1
652 689 14 5
652 741 28 10
653 683 17 9
653 701 71 6
654 699 32 2
654 736 82 5
655 697 77 7
656 679 53 5
656 694 86 10
656 708 89 6
656 735 39 2
657 700 81 7
657 705 20 10
657 726 49 10
658 667 26 3
658 673 81 2
658 685 7 2
659 669 27 10
659 681 55 3
659 691 30 8
659 739 70 5
660 693 100 2
660 711 30 2
661 700 70 9
661 714 56 4
661 724 65 2
661 725 87 2
663 664 89 6
663 707 53 10
663 717 19 6
664 732 24 4
665 688 70 5
665 711 74 5
665 747 24 4
666 746 38 10
667 731 32 10
668 718 44 5
668 735 41 7
668 745 94 2
670 711 27 7
670 725 93 3
671 729 14 8
672 689 77 9
672 712 30 4
672 729 85 5
673 718 87 5
673 722 53 9
673 726 62 10
673 746 11 9
674 679 10 6
675 685 4 5
676 697 58 5
676 698 73 6
676 725 61 10
676 731 61 9
677 738 90 6
677 740 82 5
677 750 73 6
678 733 27 8
679 699 62 9
679 723 70 2
679 730 1 4
680 692 47 3
680 697 39 9
680 750 53 4
681 708 31 1
682 702 29 8
682 710 83 8
682 720 17 7
683 717 1 3
683 724 38 4
683 740 98 2
684 697 92 2
685 711 26 5
686 725 22 1
686 734 35 1
686 741 49 2
688 711 34 2
688 750 69 6
689 718 69 10
689 719 86 1
689 725 53 4
689 734 28 9
690 698 43 5
690 703 8 8
691 710 1 6
692 696 12 3
692 707 46 7
692 713 83 1
692 750 2 6
693 739 43 5
694 702 92 6
694 712 82 4
695 701 38 3
695 732 22 9
695 742 24 2
695 746 54 7
697 745 65 1
698 705 25 4
698 748 76 1
699 713 36 5
700 733 26 1
701 705 23 7
701 726 75 1
701 750 59 2
702 703 56 7
703 724 23 3
705 745 39 10
707 713 63 1
707 727 17 9
708 733 92 2
710 711 84 9
713 737 66 1
714 730 57 8
714 736 99 2
715 748 30 2
716 730 32 1
717 743 72 10
718 748 29 5
719 734 68 2
719 750 17 4
721 728 12 4
722 735 49 3
726 750 32 6
728 730 85 1
728 739 79 6
731 744 40 2
732 736 93 10
735 746 80 1
736 737 3 10
736 745 54 3
745 749 100 4

0 2 28
1 7 18
2 14 17
3 18 15
4 23 19
5 36 12
6 41 4
7 45 11
8 57 28
9 58 16
10 95 18
11 115 7
12 121 18
13 127 11
14 131 21
15 133 20
16 147 26
17 148 29
18 149 14
19 157 23
20 159 4
21 165 22
22 179 7
23 182 14
24 188 12
25 195 10
26 196 11
27 198 12
28 205 17
29 208 5
30 212 29
31 225 17
32 249 18
33 264 9
34 266 11
35 270 4
36 279 9
37 291 11
38 293 13
39 302 2
40 324 11
41 329 15
42 335 18
43 344 28
44 348 4
45 356 10
46 366 19
47 369 12
48 385 29
49 393 29
50 421 28
51 426 2
52 431 6
53 448 29
54 461 30
55 462 27
56 464 21
57 465 3
58 473 21
59 480 7
60 483 6
61 499 5
62 506 24
63 509 14
64 514 30
65 524 22
66 543 24
67 550 15
68 552 28
69 564 13
70 566 7
71 584 7
72 595 2
73 605 11
74 606 14
75 610 22
76 615 22
77 618 9
78 619 13
79 629 21
80 635 8
81 648 19
82 649 19
83 652 3
84 655 26
85 656 1
86 658 12
87 662 6
88 671 19
89 692 18
90 700 20
91 712 19
92 715 14
93 719 8
94 722 2
95 726 1
96 743 29

