346 3373 40

100

0 11 10 1
0 19 15 6
0 27 19 8
0 35 57 1
0 98 86 1
0 107 7 6
0 154 85 6
0 155 77 9
0 164 87 2
0 170 96 9
0 204 22 4
0 211 81 9
0 226 21 6
0 256 78 9
0 288 30 3
0 298 40 1
0 313 95 10
1 3 62 1
1 13 56 7
1 14 29 4
1 27 69 6
1 35 30 8
1 105 33 1
1 131 91 1
1 139 9 5
1 198 16 9
1 208 87 4
1 219 82 3
1 232 39 2
1 248 100 7
1 320 34 2
1 325 62 10
2 16 94 4
2 24 86 1
2 27 59 1
2 32 9 8
2 40 61 1
2 56 11 5
2 59 8 7
2 88 49 9
2 126 63 2
2 129 78 5
2 139 36 1
2 163 22 7
2 165 50 4
2 186 28 4
2 195 56 4
2 197 60 9
2 209 11 7
2 223 69 6
2 235 13 5
2 254 20 3
2 272 6 4
2 279 91 9
2 293 64 6
2 316 55 4
3 4 5 9
3 6 48 1
3 28 79 10
3 29 83 10
3 62 66 10
3 63 36 3
3 107 25 1
3 134 14 4
3 144 21 7
3 152 29 10
3 154 95 4
3 162 98 4
3 166 80 1
3 173 84 9
3 209 38 7
3 220 99 6
3 226 38 9
3 310 36 8
4 10 21 3
4 12 78 5
4 13 61 6
4 66 65 8
4 124 68 1
4 125 13 10
4 131 85 5
4 139 17 8
4 140 94 5
4 163 25 8
4 194 94 10
4 206 5 8
4 237 55 6
4 282 13 10
4 294 42 10
4 306 25 3
4 313 89 3
4 324 45 8
4 341 48 9
5 8 12 3
5 10 31 5
5 12 27 10
5 122 87 2
5 171 89 8
5 175 38 1
5 189 73 10
5 226 8 10
5 240 83 5
5 260 53 1
5 265 33 6
5 271 46 1
5 286 48 9
5 332 7 1
5 333 76 7
5 334 82 4
6 36 89 10
6 37 26 9
6 54 75 1
6 93 24 1
6 95 62 8
6 108 5 1
6 119 95 1
6 151 97 9
6 187 92 10
6 204 48 5
6 221 76 4
6 251 85 7
6 265 93 1
6 299 31 8
6 320 88 7
6 340 89 7
7 18 43 10
7 27 35 10
7 50 62 5
7 54 34 5
7 64 4 3
7 110 44 7
7 135 66 1
7 172 49 6
7 211 90 6
7 242 76 9
7 258 17 5
7 276 62 6
7 282 81 6
7 300 13 5
7 301 26 2
7 323 89 10
7 332 55 9
7 338 32 2
7 344 93 5
8 15 63 4
8 26 10 2
8 56 18 6
8 72 8 4
8 92 46 2
8 98 86 6
8 150 71 7
8 166 96 8
8 171 17 4
8 183 24 10
8 189 24 6
8 209 20 7
8 223 47 3
8 232 64 5
8 255 22 9
8 280 29 8
8 292 28 7
8 294 28 3
8 303 36 10
8 330 17 7
8 335 48 6
8 340 40 10
9 13 34 10
9 27 46 7
9 38 62 10
9 40 80 8
9 56 11 8
9 77 97 10
9 92 21 5
9 101 72 4
9 105 22 7
9 113 68 9
9 144 71 3
9 190 25 5
9 200 84 8
9 206 97 6
9 264 50 10
9 289 84 9
9 320 53 7
9 334 89 2
10 11 44 9
10 14 79 2
10 29 66 8
10 33 40 1
10 45 82 6
10 58 14 4
10 95 6 3
10 101 31 8
10 103 87 9
10 104 27 3
10 119 76 5
10 151 41 3
10 165 89 6
10 189 10 7
10 234 83 9
10 244 44 7
10 250 92 9
10 293 56 7
10 330 7 6
11 52 67 9
11 59 2 7
11 82 32 5
11 118 5 4
11 149 99 5
11 183 61 3
11 204 3 6
11 261 83 6
11 262 47 1
11 271 27 9
11 277 45 7
11 281 85 10
11 337 9 4
12 31 40 8
12 62 75 1
12 105 55 10
12 114 29 8
12 148 31 10
12 195 95 1
12 227 93 4
12 250 39 5
12 283 25 7
12 293 59 4
12 308 38 9
12 316 85 6
12 318 44 5
12 320 93 9
12 333 66 4
13 14 40 5
13 21 62 8
13 43 84 10
13 46 99 3
13 97 79 9
13 118 48 8
13 143 31 6
13 159 75 2
13 172 99 5
13 181 83 5
13 187 72 5
13 188 37 9
13 206 16 3
13 236 71 6
13 239 55 5
13 253 21 9
13 267 79 2
13 289 11 2
13 306 16 8
13 332 75 2
13 333 42 1
13 335 41 6
14 33 71 1
14 42 23 1
14 51 67 5
14 73 28 3
14 81 36 7
14 86 86 8
14 110 65 2
14 113 29 8
14 114 47 8
14 117 18 2
14 119 74 9
14 127 83 7
14 143 37 3
14 144 62 2
14 147 70 1
14 160 19 10
14 177 43 9
14 184 90 7
14 198 52 6
14 213 54 4
14 215 77 4
14 232 24 2
14 275 85 8
14 276 77 6
14 277 43 1
14 291 3 1
14 294 78 5
14 301 17 10
14 331 53 4
15 17 6 1
15 44 65 4
15 50 20 2
15 88 59 10
15 93 50 4
15 99 31 3
15 142 4 6
15 152 56 7
15 163 6 10
15 181 22 2
15 192 63 7
15 212 4 6
15 214 25 2
15 224 14 9
15 238 65 9
15 239 90 1
15 255 88 8
15 259 35 6
15 260 33 1
15 261 37 10
15 267 83 9
15 292 97 1
15 297 39 1
15 305 75 10
15 315 13 2
15 322 97 7
15 327 85 3
16 41 78 1
16 49 60 4
16 56 91 3
16 76 30 8
16 97 35 5
16 100 22 6
16 107 92 5
16 109 72 9
16 128 41 6
16 156 73 1
16 182 63 9
16 183 87 9
16 205 23 7
16 232 100 8
16 260 32 2
16 269 12 4
16 289 41 4
16 292 42 9
16 316 30 2
16 322 80 4
16 336 80 3
16 340 4 4
17 54 8 1
17 73 8 6
17 78 84 4
17 123 42 8
17 164 37 10
17 176 25 2
17 191 8 10
17 196 12 4
17 240 35 1
17 256 84 8
17 270 77 7
17 289 5 10
17 300 49 3
17 304 48 1
17 309 35 10
17 318 89 8
17 321 24 5
17 332 79 1
17 333 31 1
17 337 33 5
18 32 38 6
18 60 59 3
18 71 73 5
18 98 8 1
18 132 61 9
18 148 57 5
18 183 69 6
18 209 83 9
18 215 2 6
18 236 46 5
18 251 71 3
18 267 70 4
18 268 71 9
18 270 16 9
18 308 28 4
18 328 11 6
18 337 47 5
18 345 6 4
19 29 71 4
19 34 13 8
19 47 77 3
19 64 68 10
19 80 55 10
19 82 19 9
19 111 14 9
19 172 3 6
19 202 65 5
19 237 96 7
19 245 46 3
19 266 6 4
19 271 86 2
19 320 59 8
20 42 3 4
20 54 91 5
20 73 96 6
20 94 22 3
20 160 75 3
20 167 75 10
20 183 53 6
20 205 10 2
20 230 91 7
20 234 42 7
20 243 98 8
20 249 4 6
20 274 50 5
21 49 31 5
21 54 89 1
21 65 95 7
21 87 46 6
21 97 69 9
21 112 57 3
21 127 76 9
21 135 55 1
21 137 7 5
21 153 25 2
21 171 26 4
21 204 39 7
21 227 49 9
21 250 85 5
21 274 38 6
21 320 65 8
22 32 70 2
22 45 41 4
22 52 73 1
22 67 9 6
22 100 77 3
22 112 28 2
22 120 14 10
22 146 97 9
22 163 92 10
22 200 17 4
22 209 6 6
22 227 28 9
22 279 73 5
22 281 77 10
22 284 45 3
22 285 49 5
22 291 13 4
23 32 56 1
23 48 43 7
23 138 69 8
23 140 65 10
23 145 91 9
23 162 74 2
23 163 52 8
23 175 91 3
23 209 97 5
23 248 63 10
23 249 47 8
23 251 18 9
23 257 11 1
23 306 71 3
23 315 14 1
23 324 72 2
23 327 11 8
24 58 62 10
24 61 52 8
24 90 28 8
24 101 40 9
24 114 93 6
24 119 80 4
24 121 11 9
24 150 79 1
24 154 92 10
24 184 25 1
24 191 41 3
24 195 56 2
24 205 92 5
24 324 79 3
24 329 4 2
25 32 93 10
25 39 16 9
25 64 65 9
25 78 63 7
25 80 65 4
25 82 51 8
25 99 94 7
25 106 30 7
25 129 65 6
25 146 55 7
25 149 8 1
25 209 7 5
25 253 12 8
25 312 4 9
25 316 47 6
25 323 98 10
25 327 46 7
25 340 22 7
26 76 5 1
26 113 36 4
26 153 55 10
26 163 43 6
26 165 8 2
26 207 74 8
26 220 5 4
26 227 79 6
26 248 66 1
26 253 48 8
26 257 66 2
26 340 27 6
26 345 83 2
27 41 90 1
27 43 35 8
27 53 77 8
27 75 89 5
27 105 3 2
27 111 62 8
27 164 26 8
27 207 68 3
27 213 64 2
27 224 42 5
27 253 5 8
27 268 100 9
27 274 27 1
27 280 74 4
27 286 64 4
27 295 11 8
27 296 63 6
27 306 100 5
27 322 83 8
28 67 37 7
28 71 85 1
28 80 11 7
28 104 59 1
28 139 18 6
28 141 57 1
28 146 46 7
28 158 13 2
28 185 94 4
28 191 55 2
28 195 43 7
28 207 97 2
28 231 1 1
28 232 80 6
28 238 34 3
28 255 73 9
28 265 54 10
28 278 54 2
28 323 13 2
29 38 24 8
29 49 1 10
29 75 9 2
29 94 34 2
29 103 12 6
29 105 65 4
29 120 46 10
29 151 68 3
29 183 43 4
29 184 29 4
29 211 8 5
29 216 89 10
29 222 78 4
29 229 48 5
29 249 98 4
29 254 48 5
29 281 92 1
29 283 42 7
29 325 79 6
29 328 79 9
29 337 72 2
30 53 26 6
30 56 14 5
30 60 11 8
30 72 82 1
30 93 76 7
30 99 82 3
30 101 73 6
30 110 31 8
30 147 70 4
30 183 6 1
30 200 25 1
30 202 63 2
30 224 79 7
30 256 54 2
30 280 92 3
30 284 68 6
30 317 25 4
30 322 97 1
30 335 42 9
31 55 15 6
31 61 65 7
31 130 56 5
31 139 11 5
31 146 44 5
31 150 84 1
31 180 49 4
31 216 8 5
31 221 96 4
31 241 68 1
31 276 63 6
31 288 63 4
31 300 66 10
31 301 80 5
31 303 43 10
31 310 41 3
31 314 17 6
31 327 95 3
31 332 87 1
31 336 48 4
32 34 82 5
32 51 71 10
32 97 22 9
32 100 21 10
32 104 70 2
32 164 76 9
32 179 23 2
32 194 50 9
32 208 66 7
32 239 45 5
32 251 41 9
32 265 11 9
32 281 49 1
32 291 78 6
32 296 51 3
32 298 22 3
32 322 28 4
32 342 24 5
33 42 72 4
33 103 75 8
33 130 77 3
33 133 10 3
33 159 1 6
33 160 62 1
33 176 58 7
33 187 41 9
33 191 65 10
33 225 98 3
33 287 25 1
33 327 96 6
34 52 50 7
34 73 75 5
34 85 9 7
34 94 53 2
34 128 72 6
34 129 24 8
34 134 80 3
34 168 71 3
34 191 40 4
34 194 8 6
34 220 9 7
34 259 25 3
34 283 2 2
34 307 9 1
34 328 47 4
34 334 18 8
35 60 19 4
35 61 9 3
35 80 8 8
35 138 6 8
35 145 41 1
35 154 54 8
35 175 44 4
35 187 65 9
35 217 71 9
35 233 93 6
35 263 69 7
35 264 37 6
35 283 12 7
35 299 74 5
35 308 71 10
35 316 52 7
35 340 79 1
36 39 18 2
36 104 94 3
36 109 31 1
36 127 90 1
36 148 76 10
36 158 69 3
36 166 86 7
36 179 79 3
36 211 29 9
36 252 70 10
36 263 57 6
36 281 92 5
36 287 83 10
36 322 5 3
37 43 40 3
37 52 40 7
37 55 32 7
37 59 96 4
37 89 42 10
37 151 77 6
37 156 42 9
37 179 86 10
37 185 88 1
37 188 62 6
37 221 95 4
37 241 50 10
37 252 82 4
37 254 91 4
37 270 66 10
37 297 32 8
37 314 24 5
37 319 23 8
37 320 57 5
38 39 27 3
38 58 2 3
38 73 73 2
38 79 6 8
38 131 6 2
38 156 15 3
38 181 52 1
38 184 53 9
38 185 74 4
38 193 41 2
38 195 69 5
38 207 32 8
38 212 51 6
38 258 32 9
38 263 87 9
38 275 60 1
38 294 19 2
38 308 80 4
39 42 35 8
39 87 67 10
39 116 52 7
39 117 52 1
39 123 3 3
39 155 71 9
39 160 22 8
39 165 11 9
39 180 94 10
39 183 62 1
39 186 85 4
39 194 13 10
39 253 61 9
39 270 3 8
39 282 94 10
39 297 92 7
39 306 11 2
39 309 82 9
39 332 36 1
40 73 63 4
40 113 41 7
40 170 63 7
40 193 37 10
40 204 44 4
40 235 3 5
40 285 75 2
40 310 4 2
41 51 98 1
41 67 51 7
41 71 53 4
41 92 92 1
41 104 100 10
41 127 10 9
41 135 81 4
41 140 73 10
41 147 55 4
41 152 27 5
41 165 50 1
41 208 11 6
41 219 21 5
41 240 66 1
41 250 44 3
41 256 34 5
41 257 71 9
41 270 2 8
41 275 11 4
41 279 52 7
41 286 76 4
41 291 52 7
41 302 30 9
41 312 48 7
41 335 50 1
42 66 17 4
42 72 90 6
42 121 67 10
42 140 46 1
42 150 61 10
42 164 74 3
42 165 71 3
42 210 17 10
42 217 4 8
42 232 100 4
42 248 46 8
42 285 35 8
42 301 89 1
42 323 44 1
42 333 83 4
42 343 18 5
43 98 47 5
43 105 8 1
43 112 59 5
43 119 22 10
43 137 10 1
43 138 54 3
43 240 18 9
43 254 79 8
43 310 100 1
43 320 46 9
43 330 98 5
44 57 47 8
44 58 40 8
44 62 11 10
44 85 50 4
44 90 76 3
44 95 51 2
44 128 45 9
44 134 51 2
44 148 18 3
44 156 92 4
44 164 72 4
44 184 4 9
44 185 23 2
44 190 71 2
44 226 91 9
44 234 26 3
44 254 48 1
44 269 65 8
44 274 99 6
44 288 89 6
44 292 26 2
44 317 40 10
44 318 95 5
44 319 65 10
44 331 86 1
44 340 83 10
45 57 54 4
45 94 39 6
45 119 91 1
45 157 20 6
45 205 94 10
45 232 74 1
45 239 72 4
45 244 2 2
46 48 87 2
46 121 13 6
46 154 37 2
46 177 73 9
46 184 68 4
46 195 23 3
46 204 87 7
46 220 7 6
46 253 17 6
46 261 85 9
46 264 100 10
46 267 5 9
46 292 68 5
46 295 74 3
46 296 91 3
46 302 95 3
46 320 74 2
46 321 64 4
46 324 23 9
47 56 61 6
47 80 92 10
47 96 71 7
47 126 27 3
47 140 55 5
47 159 74 7
47 171 23 3
47 184 19 3
47 185 35 6
47 257 40 7
47 274 7 6
47 301 75 3
47 331 36 3
47 336 74 4
48 69 90 7
48 71 2 5
48 76 61 5
48 89 57 2
48 113 64 8
48 116 15 4
48 126 7 8
48 138 46 4
48 142 91 10
48 144 32 7
48 156 53 2
48 161 12 1
48 171 1 4
48 237 49 8
48 243 88 5
48 285 54 10
48 327 10 8
48 332 41 5
49 110 75 1
49 146 21 1
49 152 3 7
49 154 57 7
49 174 25 2
49 202 70 4
49 214 30 6
49 232 51 6
49 253 59 8
49 287 83 4
49 308 53 7
49 338 42 10
50 63 76 5
50 115 61 7
50 117 77 9
50 126 66 3
50 192 38 9
50 281 36 6
50 297 8 8
50 315 10 5
50 321 64 6
50 334 47 2
51 82 65 10
51 90 75 4
51 97 50 1
51 121 35 9
51 134 24 9
51 152 43 2
51 166 63 9
51 186 33 8
51 193 71 2
51 198 48 4
51 202 27 7
51 219 64 6
51 269 5 8
51 311 96 5
51 330 61 4
51 340 26 3
52 53 52 1
52 62 82 2
52 84 44 7
52 85 46 6
52 154 67 9
52 173 38 9
52 191 94 7
52 196 100 2
52 210 26 8
52 233 82 9
52 245 71 3
52 248 5 1
52 276 43 5
52 308 7 10
52 314 12 1
52 340 89 6
53 54 29 7
53 108 64 3
53 111 79 4
53 132 87 5
53 208 39 5
53 225 62 4
53 287 82 3
53 292 95 4
53 294 45 7
53 302 43 7
53 330 97 8
54 58 36 4
54 74 38 9
54 96 39 1
54 141 82 2
54 159 36 6
54 163 23 8
54 170 100 4
54 177 15 8
54 185 100 8
54 186 75 7
54 203 91 6
54 243 8 9
54 247 28 3
54 264 80 1
54 265 8 10
54 266 15 10
54 269 3 7
54 289 90 5
54 315 95 8
54 326 96 9
54 328 64 8
54 345 11 4
55 62 80 9
55 63 95 9
55 69 94 10
55 87 19 9
55 91 1 6
55 106 29 4
55 127 44 6
55 147 20 9
55 154 60 9
55 159 63 3
55 163 24 10
55 185 63 6
55 197 10 8
55 202 60 2
55 212 67 8
55 215 70 3
55 216 11 1
55 291 64 8
55 310 57 5
55 341 7 3
55 345 98 5
56 60 80 1
56 69 42 5
56 78 14 8
56 79 64 2
56 97 71 10
56 111 65 3
56 123 43 7
56 154 68 10
56 157 89 2
56 158 50 2
56 194 21 4
56 202 15 3
56 213 74 5
56 222 2 10
56 239 86 1
56 248 92 4
56 257 86 6
56 266 59 10
56 275 8 2
56 293 29 8
56 305 49 4
56 326 5 3
56 328 21 4
57 68 30 9
57 72 52 7
57 74 79 4
57 75 85 1
57 88 58 9
57 95 10 10
57 97 70 9
57 103 73 9
57 119 42 5
57 134 11 6
57 211 1 7
57 213 78 10
57 214 50 8
57 215 31 8
57 222 87 5
57 254 66 3
57 255 30 8
57 256 81 7
58 63 48 7
58 64 81 5
58 89 64 3
58 118 50 4
58 175 39 8
58 196 26 3
58 204 97 2
58 231 54 8
58 249 8 9
58 255 88 8
58 256 93 8
58 276 75 6
58 302 46 1
58 312 82 10
58 313 9 10
58 322 21 4
58 334 84 2
58 336 11 3
59 74 53 9
59 83 33 3
59 85 85 2
59 118 23 10
59 122 75 7
59 132 73 1
59 142 21 9
59 153 85 1
59 155 65 10
59 163 80 7
59 177 55 2
59 192 45 8
59 251 26 2
59 258 43 9
59 266 44 7
59 272 4 9
59 274 56 1
59 301 88 6
59 319 52 8
59 336 80 6
60 78 27 9
60 101 62 3
60 119 84 4
60 136 39 9
60 153 40 4
60 156 3 10
60 159 91 1
60 171 75 4
60 176 65 6
60 200 1 4
60 240 65 8
60 261 41 6
60 263 11 5
60 288 42 7
60 334 82 1
61 68 90 10
61 71 38 3
61 95 62 6
61 98 54 7
61 105 80 3
61 128 54 10
61 134 21 4
61 219 27 1
61 223 96 4
61 225 81 1
61 226 7 8
61 254 22 9
61 262 34 10
61 263 58 6
61 274 34 1
61 315 61 2
62 85 85 9
62 123 92 7
62 150 2 4
62 168 69 7
62 222 38 4
62 230 23 2
62 241 87 6
62 261 69 1
62 293 27 7
62 306 13 1
62 326 81 2
63 75 69 5
63 97 75 1
63 130 73 9
63 147 58 6
63 171 13 4
63 174 84 10
63 176 67 10
63 191 23 5
63 237 74 8
63 257 12 1
63 283 67 8
63 300 78 6
63 335 84 4
63 340 93 4
64 66 56 8
64 114 61 4
64 140 76 6
64 141 89 2
64 145 28 6
64 153 3 6
64 167 34 6
64 180 30 7
64 185 64 7
64 186 19 5
64 240 56 1
64 242 85 7
64 299 10 7
64 332 94 7
65 67 18 8
65 68 40 4
65 85 76 2
65 87 63 1
65 120 66 7
65 143 41 3
65 156 81 2
65 167 61 7
65 211 1 3
65 216 36 10
65 303 3 5
66 67 1 2
66 135 76 10
66 174 26 7
66 226 42 2
66 233 53 3
66 235 22 8
66 247 83 9
66 257 34 1
66 272 36 1
66 280 93 4
66 283 30 2
66 293 52 4
66 333 99 6
67 70 67 10
67 80 46 8
67 91 82 5
67 98 85 10
67 99 21 5
67 107 96 6
67 123 13 6
67 145 3 2
67 194 54 1
67 196 68 7
67 209 12 4
67 211 83 8
67 240 92 5
67 284 27 10
67 315 18 9
67 325 48 8
67 326 40 6
67 341 2 10
68 86 22 5
68 98 74 9
68 106 38 5
68 113 20 9
68 128 48 7
68 133 20 6
68 194 98 9
68 218 64 3
68 224 90 8
68 225 47 10
68 273 67 5
68 276 15 1
68 279 38 2
68 285 59 7
68 302 59 10
68 309 83 2
68 331 7 6
68 339 24 1
69 81 68 1
69 83 12 10
69 96 4 10
69 136 35 3
69 143 25 1
69 158 50 2
69 160 95 3
69 163 19 7
69 174 80 7
69 188 98 6
69 189 66 9
69 202 100 4
69 208 65 5
69 236 17 9
69 246 94 9
69 302 84 2
69 330 22 1
69 336 29 2
69 343 30 1
70 96 27 10
70 97 4 2
70 118 63 6
70 143 29 7
70 152 22 9
70 156 32 1
70 158 19 8
70 168 98 2
70 173 100 5
70 180 37 7
70 183 72 4
70 203 10 10
70 211 86 9
70 217 50 6
70 222 85 3
70 245 80 2
70 264 36 7
70 275 49 2
71 93 70 6
71 121 21 1
71 130 23 9
71 139 80 8
71 159 15 6
71 169 7 7
71 222 80 7
71 252 21 1
71 290 74 5
71 309 68 8
71 312 77 9
71 322 22 2
71 336 38 2
71 337 14 1
71 338 10 7
71 340 57 4
72 74 46 7
72 76 12 8
72 94 27 10
72 118 34 10
72 122 27 1
72 190 42 5
72 193 63 2
72 195 23 5
72 208 7 9
72 237 8 5
72 241 17 7
72 249 14 7
72 254 66 6
72 271 1 6
72 272 40 4
72 317 16 7
72 335 25 6
72 340 83 2
73 76 3 10
73 90 67 2
73 93 79 9
73 102 58 6
73 138 65 9
73 156 72 6
73 189 2 3
73 191 65 10
73 242 47 8
73 249 1 7
73 263 87 8
73 265 40 8
73 281 40 3
73 298 51 2
73 312 92 5
73 320 92 1
74 93 20 3
74 123 35 9
74 125 80 10
74 130 86 4
74 140 92 7
74 143 9 7
74 152 81 6
74 153 66 2
74 158 72 8
74 179 68 2
74 195 8 7
74 224 20 3
74 226 65 4
74 268 89 3
74 269 64 4
74 299 63 1
74 327 27 8
74 330 46 6
75 85 62 6
75 150 29 1
75 164 79 7
75 175 9 2
75 187 67 6
75 195 16 10
75 203 4 2
75 206 99 10
75 216 55 2
75 246 73 2
75 276 58 6
75 290 25 9
75 308 45 2
76 100 9 8
76 102 19 3
76 143 69 5
76 163 87 8
76 187 32 3
76 197 4 4
76 204 57 7
76 206 36 2
76 217 79 4
76 241 4 2
76 274 67 5
76 276 60 5
76 282 95 9
76 290 64 8
77 80 62 8
77 81 16 8
77 86 83 9
77 103 25 6
77 110 4 7
77 118 93 8
77 124 42 4
77 137 8 1
77 139 11 10
77 152 51 2
77 238 79 8
77 256 97 3
77 273 41 7
77 321 58 3
77 336 73 2
77 339 49 3
78 97 46 4
78 103 35 10
78 115 82 5
78 119 12 6
78 253 94 6
78 260 48 10
78 296 5 6
78 317 10 7
78 343 65 1
78 344 74 7
79 82 13 10
79 97 18 1
79 98 43 1
79 101 64 2
79 106 30 8
79 108 75 8
79 150 77 4
79 152 68 9
79 190 46 10
79 240 86 8
79 253 58 9
79 259 70 10
79 290 46 10
79 291 20 1
79 311 88 2
79 339 83 8
80 92 12 5
80 108 86 2
80 110 88 1
80 123 96 4
80 135 1 4
80 136 21 10
80 137 7 3
80 171 57 1
80 186 92 7
80 194 45 3
80 211 2 10
80 224 71 8
80 260 85 7
80 261 12 5
80 276 27 6
80 280 61 7
80 306 21 6
80 318 43 9
80 327 1 2
80 340 16 6
81 94 79 6
81 114 58 3
81 116 42 3
81 118 22 7
81 163 38 9
81 185 79 4
81 188 53 1
81 189 92 1
81 203 90 5
81 212 31 1
81 227 44 3
81 228 86 7
81 263 100 5
81 295 47 1
81 303 92 4
81 311 68 8
81 317 74 7
81 318 73 9
81 323 23 9
81 331 47 6
81 344 36 4
82 103 30 3
82 105 50 8
82 113 86 8
82 116 50 7
82 145 32 7
82 178 82 7
82 188 29 10
82 224 6 6
82 232 54 1
82 303 59 7
82 338 41 6
82 341 11 1
83 98 25 1
83 118 44 1
83 121 55 3
83 155 30 5
83 166 11 7
83 175 6 3
83 219 78 6
83 234 68 5
83 237 77 4
83 250 17 2
83 262 34 3
83 273 52 3
83 302 81 8
83 334 41 9
83 339 49 10
83 342 30 2
83 344 10 10
84 103 24 8
84 112 64 8
84 121 65 10
84 123 84 7
84 153 36 4
84 155 24 10
84 181 22 4
84 217 20 6
84 259 46 7
84 270 54 3
84 272 82 4
84 299 8 10
84 303 14 4
84 314 32 6
85 125 23 8
85 133 30 9
85 149 21 9
85 170 85 6
85 176 77 6
85 224 48 8
85 262 54 7
85 276 44 4
85 286 86 3
85 287 39 1
85 291 11 10
85 334 31 2
85 338 79 9
85 341 46 8
86 110 67 9
86 120 42 8
86 126 22 10
86 139 79 9
86 141 56 1
86 178 24 1
86 212 96 2
86 213 91 3
86 215 61 8
86 223 23 2
86 256 51 10
86 263 21 6
86 279 26 1
86 283 25 4
86 291 13 6
86 307 79 3
86 331 47 4
86 337 82 7
86 340 96 2
87 89 89 8
87 99 2 8
87 123 89 4
87 152 2 3
87 179 92 3
87 206 73 5
87 213 5 8
87 253 69 7
87 274 52 9
87 282 35 1
87 283 27 3
87 292 64 3
87 303 61 8
87 307 72 10
88 101 48 3
88 128 92 10
88 129 86 6
88 136 94 4
88 142 18 4
88 165 89 4
88 170 3 5
88 175 26 8
88 197 18 3
88 205 5 1
88 220 100 9
88 229 79 9
88 295 62 9
88 331 52 5
89 91 99 8
89 140 92 2
89 151 47 10
89 192 73 7
89 208 35 5
89 210 6 1
89 215 35 10
89 225 55 4
89 233 23 4
89 237 24 1
89 286 100 6
89 307 81 1
89 324 50 1
89 336 75 1
90 108 68 10
90 109 70 8
90 119 56 2
90 148 76 9
90 175 18 9
90 178 42 7
90 187 46 9
90 200 72 4
90 203 16 8
90 218 87 10
90 226 71 5
90 266 36 4
90 269 12 4
90 272 67 7
90 300 21 4
90 314 13 4
90 316 48 10
91 92 31 10
91 100 20 2
91 117 68 10
91 156 26 8
91 185 44 7
91 189 17 9
91 191 61 4
91 192 70 7
91 205 47 6
91 206 43 2
91 208 76 4
91 228 37 2
91 237 12 6
91 242 68 4
91 247 62 4
91 266 93 4
91 267 12 10
91 288 53 3
91 297 53 10
91 300 53 7
91 322 13 4
91 327 15 3
91 332 28 1
92 124 67 10
92 151 64 1
92 160 61 3
92 166 61 7
92 211 58 3
92 214 22 9
92 227 37 2
92 235 30 7
92 250 62 4
92 261 4 5
92 295 6 1
92 296 96 3
92 313 100 2
92 315 13 8
93 98 33 9
93 162 20 7
93 224 19 8
93 247 78 7
93 281 61 1
93 291 98 4
93 303 64 6
93 320 66 3
94 127 76 10
94 139 19 5
94 141 19 6
94 151 52 6
94 180 37 1
94 189 29 5
94 225 63 2
94 237 11 8
94 249 93 5
94 300 70 8
94 311 49 4
94 319 52 10
95 124 38 8
95 138 4 3
95 148 17 4
95 159 99 5
95 169 97 3
95 186 38 10
95 191 100 3
95 215 81 1
95 257 77 1
95 260 71 2
95 272 8 1
95 278 73 10
95 302 26 7
95 306 15 4
95 343 10 4
96 97 4 2
96 103 91 9
96 132 83 5
96 143 48 5
96 157 11 3
96 165 72 3
96 175 24 10
96 229 41 3
96 257 70 5
96 299 25 9
96 304 38 8
96 312 25 1
96 322 12 2
96 335 30 10
96 345 40 1
97 102 65 7
97 107 98 7
97 114 99 5
97 129 69 10
97 145 29 6
97 146 99 3
97 170 97 7
97 171 84 8
97 174 14 2
97 180 65 4
97 211 96 5
97 224 33 9
97 249 69 3
97 252 83 8
97 255 81 3
97 265 22 4
97 300 4 7
98 146 1 6
98 150 74 5
98 156 65 6
98 162 73 3
98 185 27 3
98 210 98 1
98 220 18 5
98 248 86 2
98 262 57 4
98 268 72 8
98 309 39 3
99 103 48 10
99 105 13 7
99 180 6 4
99 185 40 8
99 209 1 9
99 234 50 2
99 278 80 2
99 300 38 9
99 302 31 7
99 317 84 8
99 333 33 10
99 338 24 4
99 343 11 9
100 128 80 5
100 158 23 2
100 160 22 8
100 185 27 4
100 212 3 6
100 221 52 4
100 228 92 1
100 244 79 9
100 247 32 1
100 268 18 4
100 281 62 7
100 309 79 4
100 311 74 9
100 318 26 3
100 328 84 7
100 338 33 6
100 343 87 2
101 114 7 5
101 143 87 10
101 147 88 1
101 161 73 8
101 168 14 1
101 213 93 2
101 270 23 4
101 291 95 6
101 314 66 6
101 321 67 6
101 330 90 5
102 105 95 4
102 127 14 4
102 152 99 2
102 177 30 6
102 213 40 5
102 219 44 5
102 239 73 10
102 248 25 5
102 263 17 7
102 305 28 5
102 307 61 3
102 316 71 1
102 332 13 3
102 338 7 6
102 342 87 7
103 127 6 9
103 131 66 10
103 146 8 3
103 155 10 10
103 160 62 6
103 164 8 1
103 199 33 3
103 204 60 10
103 209 2 7
103 282 55 8
103 287 19 5
103 293 42 8
103 301 24 4
103 308 36 7
103 319 2 1
103 342 3 2
104 138 57 10
104 154 19 10
104 157 83 4
104 171 30 9
104 199 15 8
104 251 81 6
104 273 51 1
104 322 61 5
105 110 11 4
105 113 95 3
105 124 100 8
105 127 29 4
105 136 18 3
105 141 11 8
105 169 73 5
105 173 24 3
105 178 32 4
105 201 66 1
105 229 47 3
105 254 44 3
105 263 49 5
105 267 50 2
105 282 79 5
105 335 27 10
105 343 13 4
106 114 41 8
106 126 47 6
106 131 20 4
106 169 44 7
106 173 46 6
106 183 20 1
106 220 13 10
106 233 27 8
106 242 81 10
106 246 99 7
106 282 98 3
106 323 38 2
106 329 17 8
107 134 52 6
107 142 15 4
107 147 80 8
107 150 55 2
107 166 11 5
107 212 33 3
107 213 94 6
107 214 72 6
107 252 80 8
107 265 91 10
107 268 67 3
107 302 21 3
107 318 71 4
107 332 92 8
108 110 86 4
108 221 100 4
108 228 32 7
108 266 2 10
108 310 24 4
108 317 84 8
108 344 68 10
109 120 16 6
109 122 96 6
109 176 6 8
109 203 36 9
109 212 9 8
109 231 44 2
109 272 1 6
109 281 40 3
109 320 9 2
109 343 50 1
110 177 32 2
110 194 44 6
110 206 77 8
110 238 44 2
110 246 100 2
110 251 75 3
110 266 56 1
110 309 7 6
110 313 4 2
110 316 68 6
110 322 68 2
110 325 50 4
110 338 21 7
110 339 41 3
110 341 99 6
110 343 53 9
111 122 71 2
111 151 88 4
111 155 43 1
111 156 40 5
111 163 2 3
111 194 98 9
111 217 15 9
111 244 77 10
111 262 36 1
111 282 76 6
111 292 74 3
111 314 59 2
111 342 31 9
112 171 59 1
112 178 18 9
112 186 1 6
112 210 57 6
112 263 86 8
112 266 69 1
112 295 21 6
112 300 24 1
112 332 17 7
112 337 87 1
112 338 22 1
113 114 69 3
113 149 27 1
113 151 30 7
113 163 25 7
113 166 32 1
113 183 24 4
113 204 81 4
113 210 89 7
113 212 45 1
113 216 84 8
114 220 1 4
114 241 83 1
114 260 54 5
114 276 20 1
114 289 28 6
114 312 56 3
114 323 57 6
114 338 33 5
115 124 56 4
115 143 62 2
115 154 78 7
115 165 71 1
115 178 35 2
115 180 10 5
115 183 84 2
115 196 71 1
115 202 67 2
115 220 32 7
115 224 91 4
115 228 6 9
115 231 9 7
115 248 7 10
115 258 28 3
115 260 65 6
115 264 1 2
115 317 81 3
115 327 55 4
116 118 1 6
116 150 39 7
116 193 67 10
116 231 92 7
116 244 62 4
116 275 77 6
117 129 66 3
117 142 81 7
117 145 89 3
117 171 75 5
117 172 16 8
117 173 30 2
117 196 60 9
117 239 75 7
117 258 60 3
117 262 43 8
117 272 39 6
117 284 13 7
117 298 9 1
117 325 32 2
118 158 56 6
118 174 22 4
118 182 68 1
118 183 75 6
118 236 76 4
118 318 87 2
118 324 40 8
118 338 42 4
119 122 71 1
119 125 32 2
119 152 84 4
119 191 56 7
119 222 36 9
119 232 89 5
119 264 72 2
119 320 14 8
120 124 81 5
120 203 78 6
120 225 58 6
120 227 31 10
120 250 22 4
120 257 66 3
120 259 55 6
120 260 54 9
120 265 76 6
120 271 55 2
120 301 26 7
120 308 25 1
120 325 14 1
120 326 40 10
121 137 40 1
121 184 14 5
121 189 45 1
121 210 28 6
121 245 31 3
121 252 22 9
121 259 57 10
121 277 84 9
121 281 69 9
121 311 82 1
121 334 35 8
122 125 58 5
122 130 97 2
122 145 22 9
122 162 54 2
122 169 25 9
122 170 98 9
122 209 59 2
122 235 4 8
122 243 89 4
122 252 96 10
122 253 49 3
122 288 98 8
122 302 2 4
122 309 5 6
123 199 38 8
123 231 76 8
123 233 64 2
123 248 9 4
123 253 31 9
123 341 78 3
124 127 100 6
124 142 62 9
124 197 63 1
124 216 45 2
124 280 50 2
124 287 76 9
124 312 31 1
125 133 58 1
125 137 3 4
125 143 58 3
125 163 51 2
125 173 40 6
125 176 28 6
125 181 43 9
125 183 83 4
125 186 9 5
125 220 5 4
125 223 12 3
125 284 32 10
125 299 34 6
125 305 20 9
125 308 91 7
125 315 18 10
126 156 96 3
126 158 91 2
126 250 24 5
126 312 38 7
126 322 95 10
126 344 90 8
127 168 83 10
127 171 26 6
127 173 99 1
127 196 99 8
127 216 24 7
127 218 41 6
127 236 16 5
127 246 9 5
127 257 59 10
127 283 72 8
127 300 1 4
127 312 75 5
127 317 15 7
128 147 28 3
128 150 74 8
128 151 8 9
128 171 9 10
128 183 89 9
128 245 40 10
128 249 22 5
128 276 89 1
128 297 35 1
128 332 28 3
129 131 16 5
129 214 86 5
129 223 61 9
129 253 74 4
129 281 26 7
129 282 36 6
129 302 90 9
129 333 82 9
129 337 82 9
130 153 18 8
130 165 63 8
130 176 41 2
130 179 52 1
130 199 9 6
130 201 17 2
130 221 6 4
130 235 30 1
130 259 41 6
130 300 11 6
130 311 94 8
130 320 51 1
131 165 87 5
131 171 84 8
131 181 2 8
131 193 20 8
131 200 34 4
131 216 87 9
131 221 33 10
131 261 95 4
131 263 75 7
131 271 60 4
131 288 9 3
131 289 97 7
131 334 56 5
131 340 23 10
132 135 34 9
132 140 47 10
132 156 18 1
132 181 69 2
132 191 54 3
132 280 36 8
132 321 48 10
132 326 67 7
132 329 57 7
132 337 36 2
133 136 21 1
133 141 80 7
133 201 63 2
133 260 65 7
133 273 19 7
133 275 75 6
133 329 40 3
134 140 49 3
134 191 33 5
134 195 89 6
134 265 16 6
134 277 15 10
134 280 53 8
134 302 28 5
134 310 11 5
134 313 49 2
135 145 79 2
135 164 23 6
135 189 32 7
135 203 98 9
135 220 62 6
135 253 64 6
135 262 26 6
135 266 57 8
135 276 51 5
135 308 59 4
135 319 29 2
136 145 36 7
136 183 68 8
136 197 26 9
136 200 5 8
136 207 52 10
136 248 98 5
136 253 22 6
136 260 52 4
136 278 76 10
136 316 36 5
136 329 51 10
136 342 80 3
137 145 70 10
137 164 70 4
137 168 94 8
137 194 43 4
137 201 38 1
137 251 51 8
137 252 58 8
137 258 5 8
137 260 96 1
137 345 48 9
138 140 89 8
138 148 61 7
138 181 7 10
138 202 57 1
138 206 49 9
138 232 94 8
138 233 94 6
138 261 46 3
138 277 97 8
138 293 9 1
138 296 75 3
138 330 10 4
138 342 66 10
138 345 70 7
139 142 45 1
139 182 73 2
139 187 12 1
139 210 13 5
139 220 2 5
139 222 34 2
139 246 7 9
139 254 67 7
139 264 65 4
139 274 66 10
139 275 49 6
139 281 40 3
139 290 34 10
139 300 6 2
139 314 7 7
139 316 28 2
139 328 47 8
139 345 36 10
140 148 24 4
140 159 83 6
140 161 19 10
140 203 13 6
140 221 22 5
140 244 87 3
140 245 84 5
140 246 5 9
140 253 85 5
140 285 34 3
140 293 86 3
140 302 38 6
140 324 8 3
140 330 64 2
140 340 26 9
141 176 1 9
141 198 21 4
141 216 85 8
141 233 98 3
141 237 36 7
141 244 42 4
141 246 31 6
141 277 30 4
141 284 97 4
141 299 62 3
141 303 11 1
141 308 36 1
141 319 37 8
141 332 86 4
141 337 83 6
142 159 80 6
142 163 44 2
142 182 24 10
142 218 71 3
142 228 18 2
142 237 31 10
142 242 49 3
142 277 39 10
142 297 78 10
142 302 16 6
142 310 93 6
142 322 47 10
143 185 68 7
143 200 74 6
143 215 32 8
143 230 33 4
143 237 99 2
143 244 74 5
143 261 8 10
143 276 94 5
143 277 85 9
143 287 69 5
143 317 55 8
143 344 14 3
144 186 92 4
144 189 47 6
144 248 22 4
144 281 80 7
144 287 72 9
144 334 86 5
144 338 33 4
144 343 18 1
145 150 19 5
145 157 21 1
145 159 6 7
145 168 24 9
145 178 18 2
145 198 83 5
145 214 80 10
145 231 91 6
145 271 35 7
145 278 67 8
145 288 78 9
145 294 48 1
145 296 16 2
146 241 30 5
146 246 5 9
146 260 34 1
146 277 20 7
146 295 31 7
146 301 92 5
146 302 12 1
146 315 72 1
146 316 55 2
146 334 22 6
146 335 3 5
147 154 89 5
147 166 68 9
147 167 31 1
147 168 53 5
147 186 66 8
147 193 76 3
147 224 12 5
147 228 17 5
147 235 31 7
147 255 87 5
147 269 10 7
147 280 73 10
147 293 57 1
147 294 66 7
147 299 49 1
148 176 19 2
148 177 28 3
148 180 100 5
148 190 85 2
148 193 61 9
148 276 16 2
148 281 42 9
148 302 28 4
148 309 46 9
148 322 18 8
148 330 21 6
148 338 69 8
148 341 15 3
149 158 78 8
149 159 18 5
149 179 72 10
149 181 57 7
149 186 1 2
149 191 60 3
149 239 84 9
149 258 19 1
149 308 24 8
149 319 33 5
149 327 90 3
150 170 100 6
150 207 21 5
150 213 87 5
150 277 88 8
150 305 87 1
151 169 45 1
151 171 82 8
151 180 49 1
151 190 19 8
151 210 77 4
151 215 63 8
151 217 62 2
151 221 88 2
151 234 76 5
151 244 95 7
151 247 81 6
151 249 38 6
151 251 26 6
151 259 7 8
151 298 7 10
151 299 47 6
151 308 83 4
151 317 66 10
151 324 22 10
151 337 66 7
151 341 22 4
151 345 54 7
152 155 80 1
152 197 39 3
152 205 53 5
152 215 35 2
152 250 66 7
152 252 86 5
152 274 85 9
152 289 65 10
152 313 86 8
152 321 10 1
152 324 19 2
152 337 16 3
153 173 29 8
153 211 49 6
153 217 53 3
153 221 3 2
153 224 3 7
153 290 86 9
153 310 76 4
154 163 42 2
154 165 95 7
154 168 50 1
154 176 54 2
154 201 61 6
154 222 5 6
154 285 15 8
154 292 32 2
154 329 22 8
155 156 62 1
155 186 29 1
155 197 13 3
155 202 48 8
155 226 60 7
155 265 77 1
155 287 100 1
155 301 40 10
155 323 31 1
155 329 77 1
155 334 99 5
155 342 57 7
156 199 98 1
156 250 91 7
156 254 61 7
156 268 50 9
156 283 20 5
156 284 73 3
157 169 17 8
157 207 69 5
157 208 46 8
157 210 45 7
157 214 54 6
157 242 81 2
157 255 13 5
157 304 59 3
158 186 57 1
158 193 92 10
158 203 69 7
158 222 50 2
158 241 47 1
158 266 93 9
158 272 38 8
158 301 10 10
158 317 15 3
158 318 18 2
158 338 43 10
159 203 77 4
159 225 66 8
159 253 56 1
159 256 90 3
159 259 74 8
159 263 40 2
159 282 78 4
159 309 21 4
159 335 76 3
159 336 48 8
159 342 98 2
160 169 33 8
160 209 81 6
160 254 86 5
160 264 83 5
160 282 77 2
160 292 99 8
160 299 28 7
160 313 64 2
160 316 55 8
160 339 58 7
161 167 31 1
161 219 92 7
161 230 89 7
161 233 70 10
161 245 43 10
161 258 58 9
161 270 30 7
161 296 65 7
161 313 48 1
161 317 92 4
161 324 14 6
161 331 83 8
161 343 51 9
162 208 57 7
162 218 5 6
162 227 95 6
162 249 40 7
162 251 87 1
162 260 43 2
162 278 73 4
162 290 31 5
162 335 62 1
163 177 45 10
163 184 44 1
163 192 24 4
163 205 15 6
163 227 88 2
163 235 1 2
163 264 21 10
163 282 94 2
163 285 80 2
163 286 47 9
163 307 38 3
163 312 63 1
163 319 31 1
163 332 86 3
164 213 63 5
164 215 27 3
164 248 71 9
164 249 51 7
164 252 70 10
164 254 25 3
164 263 38 3
164 270 73 1
164 272 41 1
164 277 95 8
164 290 39 5
164 343 13 8
165 242 72 3
165 246 29 8
165 295 13 6
165 309 48 8
165 319 80 5
165 337 92 8
165 340 23 5
166 183 21 2
166 187 36 7
166 195 89 4
166 203 29 7
166 210 98 7
166 219 66 7
166 261 32 8
166 276 17 10
166 287 52 2
166 293 6 5
166 317 3 3
166 320 91 7
166 336 34 8
167 171 87 2
167 184 75 10
167 209 37 8
167 212 39 7
167 231 70 1
167 290 47 9
167 291 67 1
167 306 51 5
167 310 4 7
167 317 29 5
167 340 43 4
168 239 89 3
168 255 89 5
168 277 71 4
168 305 41 6
168 328 88 10
168 342 89 4
169 172 27 10
169 176 84 10
169 187 42 4
169 188 43 4
169 210 25 2
169 213 34 6
169 225 60 9
169 233 21 8
169 239 66 2
169 240 60 3
169 256 55 5
169 265 56 6
169 277 39 5
169 286 86 5
169 330 57 5
170 175 71 9
170 202 84 10
170 208 95 9
170 215 45 9
170 221 1 7
170 230 57 6
170 237 74 10
170 238 18 1
170 296 7 8
170 297 21 7
170 308 10 10
171 187 24 5
171 202 60 4
171 214 19 9
171 249 11 1
171 269 96 5
171 280 5 2
171 290 30 8
171 308 19 2
171 311 13 2
171 312 75 5
171 313 5 5
172 175 93 2
172 187 9 10
172 194 43 9
172 199 93 1
172 200 99 7
172 203 64 7
172 215 86 5
172 237 35 3
172 244 30 1
172 266 12 9
172 270 62 7
172 284 10 3
172 288 26 4
172 289 89 2
172 300 75 4
172 302 5 4
172 324 52 9
172 341 46 6
173 180 66 9
173 212 83 9
173 229 7 5
173 290 93 4
173 337 89 7
173 340 65 2
173 345 58 7
174 189 22 6
174 200 8 2
174 210 23 1
174 213 56 4
174 215 83 3
174 234 3 2
174 236 26 9
174 257 72 10
174 263 6 5
174 275 86 8
174 277 3 9
174 283 12 8
174 315 52 8
174 330 51 8
174 340 100 1
175 204 24 2
175 235 42 9
175 241 29 8
175 267 57 4
175 292 80 1
175 296 17 7
175 325 55 8
175 333 69 4
175 342 65 9
176 207 81 7
176 208 16 9
176 210 4 4
176 230 44 4
176 292 43 5
176 306 90 6
177 189 28 9
177 235 35 3
177 254 49 8
177 264 85 6
177 281 86 6
177 300 68 8
177 301 37 5
177 309 4 1
177 314 81 3
177 332 53 4
177 335 44 10
177 343 93 4
178 206 51 5
178 208 3 3
178 217 52 5
178 219 9 8
178 225 19 6
178 227 98 8
178 254 69 10
178 262 46 2
178 272 11 9
178 278 33 4
178 283 21 10
178 296 39 4
178 301 62 5
178 313 9 7
178 337 82 10
178 342 97 10
179 185 27 10
179 213 21 6
179 233 9 10
179 238 58 9
179 240 7 9
179 250 74 4
179 265 67 6
179 278 91 6
179 289 54 9
179 314 27 3
179 330 61 8
180 218 1 2
180 232 43 3
180 236 16 10
180 281 91 3
180 296 12 7
180 308 72 4
180 345 94 9
181 182 13 1
181 194 24 5
181 208 15 1
181 212 72 6
181 221 22 8
181 231 85 1
181 232 7 10
181 262 57 2
181 264 32 8
181 267 21 4
181 286 13 5
181 294 50 5
181 295 45 6
181 311 39 6
181 324 34 8
182 184 76 1
182 202 65 9
182 211 19 1
182 215 36 9
182 231 85 4
182 260 65 8
182 270 67 2
182 315 18 9
182 334 35 3
183 224 5 6
183 229 60 10
183 234 79 4
183 235 53 1
183 237 78 3
183 241 49 6
183 244 95 3
183 253 16 5
183 260 1 6
183 282 64 9
183 294 75 5
184 185 41 7
184 194 38 1
184 199 36 8
184 212 93 6
184 271 37 1
184 300 63 6
184 310 41 6
184 313 18 5
185 186 39 3
185 217 54 5
185 223 57 4
185 239 100 6
185 262 85 3
185 288 96 3
185 317 30 5
185 334 17 4
186 193 97 7
186 209 81 2
186 215 60 8
186 217 26 2
186 245 24 5
186 256 81 10
186 261 70 9
186 270 33 8
186 277 64 4
186 293 40 4
186 294 64 6
186 311 47 2
186 315 3 8
187 189 36 5
187 216 36 9
187 221 54 9
187 225 97 4
187 260 1 4
187 265 87 8
187 268 30 4
187 269 89 5
187 285 88 10
188 193 52 2
188 208 37 7
188 214 63 10
188 244 89 10
188 270 62 7
188 271 50 9
188 345 84 10
189 209 70 8
189 230 88 1
189 258 78 1
189 268 54 7
189 277 75 1
189 288 67 3
189 291 40 9
189 297 30 1
189 302 13 8
189 331 83 7
189 337 72 8
190 257 34 4
190 267 98 8
190 269 20 2
190 273 88 9
190 300 5 8
190 330 34 7
191 213 100 7
191 269 57 6
191 274 76 9
191 284 67 4
191 287 79 2
191 291 14 7
191 330 68 7
191 332 63 9
191 333 36 7
191 335 86 5
192 223 47 9
192 244 28 5
192 258 27 10
192 276 17 9
192 284 1 6
192 298 94 9
192 312 49 1
192 316 88 3
192 336 49 8
193 199 32 3
193 203 96 6
193 220 1 9
193 234 76 4
193 255 38 1
193 263 97 2
193 289 47 6
193 320 100 3
194 201 42 3
194 236 63 2
194 248 20 5
194 255 45 5
194 265 52 7
194 310 81 4
194 314 62 3
194 317 86 8
194 319 48 3
194 341 13 7
195 239 10 7
195 285 87 5
195 303 39 3
195 327 32 1
196 265 96 7
196 285 40 4
197 226 5 5
197 229 35 4
197 231 83 1
197 255 71 4
197 258 56 3
197 268 17 5
197 272 49 7
197 298 20 7
197 301 69 2
197 309 45 4
197 333 60 10
197 334 74 8
197 337 75 1
198 245 33 3
198 261 32 4
198 292 3 9
198 295 25 8
198 302 55 1
198 307 68 7
198 318 85 2
198 322 99 7
199 214 26 4
199 251 71 3
199 278 33 9
199 342 3 2
200 216 57 5
200 233 6 5
200 253 1 4
200 282 69 1
200 299 51 1
200 311 30 4
200 312 4 2
200 313 50 6
200 320 82 1
200 331 36 1
200 340 39 7
201 211 30 6
201 212 66 8
201 215 74 2
201 223 7 5
201 241 3 2
201 283 85 8
201 291 10 4
201 311 91 8
201 329 17 9
201 340 81 1
201 343 30 3
202 237 39 4
202 246 87 8
202 249 98 3
202 260 60 4
202 265 20 4
202 284 28 3
202 285 87 9
202 336 18 4
203 210 44 9
203 226 54 4
203 243 56 6
203 259 56 1
203 270 22 7
203 284 85 7
203 290 38 9
203 304 97 8
203 317 88 10
203 325 12 6
203 339 4 8
203 344 45 1
204 261 77 8
204 267 9 3
204 284 86 3
204 286 39 8
204 291 88 3
204 312 62 6
204 341 52 6
205 214 13 4
205 242 35 4
205 283 56 2
205 284 14 7
205 285 70 8
205 287 80 7
205 334 75 9
205 342 89 3
206 218 92 10
206 223 18 7
206 255 33 9
207 218 94 9
207 227 3 10
207 231 36 8
207 277 95 4
207 305 21 6
207 309 53 4
207 328 32 2
208 235 7 10
208 330 36 6
208 334 63 6
209 249 27 6
209 254 71 1
209 257 72 2
209 267 32 9
209 293 11 10
209 327 54 3
210 213 11 1
210 223 28 7
210 251 8 6
210 260 30 4
210 264 22 8
210 275 57 3
210 289 71 4
210 312 53 3
210 315 85 5
210 316 77 6
210 339 60 4
211 247 96 4
211 257 60 5
211 265 100 7
211 274 55 6
211 281 76 4
211 314 14 7
211 340 12 7
211 345 94 2
212 224 2 9
212 227 68 2
212 237 76 4
212 262 48 1
212 265 62 3
212 266 5 8
212 288 97 6
212 304 63 7
212 333 78 3
212 336 38 5
212 341 19 10
213 222 77 5
213 280 51 6
213 333 6 10
214 224 39 3
214 240 14 9
214 286 94 5
214 287 30 3
214 294 50 10
214 305 84 4
214 306 36 9
214 313 24 1
214 315 71 2
214 325 73 4
215 240 24 5
215 253 35 9
215 277 1 7
215 306 44 6
215 334 50 3
216 245 79 4
216 255 50 6
216 275 69 1
216 302 89 10
217 230 14 5
217 232 89 4
217 234 51 8
217 235 17 3
217 245 82 1
217 267 71 2
217 275 95 9
217 303 97 6
217 317 92 10
217 321 28 6
217 323 65 2
217 332 88 4
217 342 89 10
218 222 4 7
218 244 35 8
218 255 38 4
218 263 18 4
218 274 11 4
218 282 13 2
218 290 5 3
218 320 98 10
218 323 34 10
218 339 84 8
219 224 62 7
219 242 65 2
219 258 8 10
219 264 68 9
219 267 22 8
219 277 29 10
219 283 61 9
219 290 98 4
219 293 16 6
219 319 34 2
219 331 42 2
220 240 76 2
220 243 74 4
220 296 12 2
220 311 62 7
220 337 62 4
220 338 75 10
220 343 26 8
221 249 41 5
221 255 64 7
221 264 78 3
221 278 93 2
221 279 47 6
221 309 17 10
222 253 81 7
222 267 56 6
222 277 41 4
222 287 79 6
222 297 45 6
222 312 49 5
222 322 87 2
222 323 24 6
222 328 11 10
222 330 84 1
222 341 76 5
223 238 49 9
223 239 44 7
223 242 82 1
223 257 51 1
223 261 63 10
223 262 6 9
223 265 100 4
223 296 91 5
224 229 74 8
224 255 41 2
224 256 14 1
224 262 97 4
224 267 96 3
224 275 11 9
224 295 6 7
224 300 8 4
225 263 45 10
225 287 66 10
225 299 2 7
225 315 91 7
225 316 58 10
225 326 36 10
225 332 32 8
226 234 91 1
226 271 88 7
226 280 58 2
226 316 18 9
226 329 69 9
226 339 56 3
227 243 53 8
227 266 55 6
227 282 55 5
227 283 23 4
227 291 24 6
227 312 82 5
228 250 95 2
228 274 85 5
228 277 46 2
228 282 70 4
228 288 32 1
228 305 8 3
228 336 29 8
228 345 30 3
229 238 39 1
229 244 55 7
229 310 35 10
229 313 100 6
230 247 30 9
230 264 65 9
230 268 52 9
230 271 92 9
230 280 20 4
230 302 24 9
230 316 65 8
230 324 23 4
230 337 37 9
230 341 51 5
231 234 4 5
231 238 77 2
231 255 55 9
231 258 30 9
231 264 94 9
231 269 82 1
231 290 80 2
231 297 93 2
231 309 18 6
231 319 15 4
231 336 1 2
231 340 15 3
232 251 59 5
232 260 65 7
232 270 51 7
232 287 33 8
232 289 70 1
232 339 66 9
233 249 66 7
233 263 9 4
233 281 59 9
233 284 38 1
233 297 75 8
233 313 34 10
233 315 5 2
233 318 83 5
233 327 88 8
234 285 33 10
234 300 58 8
234 310 24 4
234 320 66 5
234 324 62 7
234 333 60 10
235 253 72 5
235 275 50 5
235 309 88 7
235 318 51 2
235 324 23 10
235 332 9 9
236 237 25 7
236 243 15 5
236 254 83 10
236 288 97 8
236 289 44 5
236 337 65 5
237 242 100 6
237 271 32 7
237 272 16 3
237 273 60 5
237 285 8 8
237 292 62 3
237 293 10 1
237 307 98 3
237 308 6 10
238 248 47 1
238 332 89 8
238 343 83 6
239 258 69 10
239 262 56 10
239 281 79 1
239 326 11 1
240 285 18 10
240 296 86 8
240 298 13 2
240 337 42 8
241 281 44 6
241 304 7 5
242 279 71 10
242 316 15 4
243 263 56 8
243 269 99 1
243 274 41 7
243 293 65 4
243 305 88 10
243 314 61 2
243 319 87 5
244 246 1 5
244 254 68 8
244 260 9 5
244 289 35 1
244 298 17 7
244 323 49 6
244 339 45 4
245 299 44 8
245 301 74 7
245 307 90 3
245 308 94 9
245 332 88 9
245 333 2 2
245 337 31 1
246 266 74 1
246 295 95 7
246 325 29 3
246 339 22 8
247 264 36 9
247 280 76 10
247 299 65 1
247 301 89 6
247 304 45 6
247 305 22 8
247 320 54 3
247 337 70 5
248 265 32 7
248 320 39 4
248 336 19 10
248 343 48 9
248 344 64 8
249 272 17 5
249 340 42 2
250 271 56 4
250 284 33 7
250 331 14 10
250 343 14 6
251 259 36 7
251 283 39 10
251 287 82 7
251 297 4 6
251 325 83 7
252 258 86 3
252 259 69 1
252 264 37 9
252 274 13 3
252 279 61 1
252 284 16 6
252 294 28 7
252 296 39 1
252 299 33 8
252 306 57 1
252 337 61 2
252 343 76 6
252 344 49 4
253 290 54 2
253 325 68 8
253 329 75 9
254 267 33 6
254 268 7 6
254 279 93 10
254 290 8 8
254 292 53 4
254 300 38 1
254 323 89 2
255 257 36 9
255 275 84 10
255 294 98 9
255 344 16 5
256 294 96 7
256 325 79 4
256 328 46 5
256 334 94 7
257 264 26 9
257 282 34 3
257 318 9 4
258 288 68 2
258 290 89 8
258 317 41 3
258 336 28 1
259 287 64 5
259 293 69 4
259 319 41 7
259 320 62 10
260 312 37 3
260 319 7 4
261 271 81 3
261 285 72 2
261 287 16 8
261 289 73 3
261 332 6 2
261 345 73 6
262 289 54 4
262 315 64 9
262 316 69 2
262 321 60 8
262 325 90 3
262 328 7 6
263 267 67 2
263 308 23 1
264 268 49 4
264 272 81 2
264 287 54 1
264 321 84 1
264 325 7 6
265 267 3 1
265 278 39 3
265 279 28 10
265 291 9 1
265 301 40 6
265 335 91 9
266 268 10 7
266 278 99 1
266 293 65 2
266 331 100 5
266 334 23 7
266 335 20 7
267 274 25 5
267 333 13 5
267 334 49 8
268 292 25 6
268 319 84 7
268 332 29 4
268 338 15 4
269 278 5 6
269 280 95 6
269 298 46 9
269 334 10 10
269 337 21 8
270 282 42 2
270 285 53 10
270 288 39 10
270 292 24 5
270 294 87 9
270 331 4 9
270 340 10 4
271 274 57 2
271 289 83 2
271 291 13 8
271 294 39 7
271 296 68 3
271 305 74 9
271 306 50 5
271 344 92 4
272 282 4 10
272 288 20 4
272 292 88 9
273 286 94 1
273 294 2 2
273 296 84 4
273 314 59 1
273 322 35 7
273 336 4 1
274 293 89 10
274 310 32 1
275 282 45 1
275 334 74 4
276 288 75 4
276 300 83 6
276 307 15 4
276 332 49 6
277 308 52 10
277 336 82 2
277 344 26 8
278 330 6 10
279 311 98 5
279 315 80 5
279 338 61 3
280 284 95 10
280 286 10 10
280 300 56 7
281 282 16 8
281 293 58 8
281 306 21 9
281 307 88 6
281 343 60 1
282 283 92 7
282 297 44 6
282 300 56 8
282 305 29 3
282 306 20 2
282 312 56 10
282 324 26 8
283 294 92 7
283 320 91 4
283 325 88 2
284 291 44 2
284 309 70 4
284 321 86 2
284 333 10 8
285 289 28 3
285 313 97 3
285 320 55 10
285 322 51 3
285 343 54 1
286 296 92 5
286 301 48 9
286 329 92 3
286 337 76 5
287 295 79 2
287 296 22 6
287 303 91 4
287 345 14 6
288 301 97 8
288 309 1 9
288 310 94 4
288 320 4 8
288 339 92 6
289 293 13 5
289 300 58 1
289 317 75 2
290 295 23 9
290 298 81 5
290 314 20 4
290 330 21 1
290 334 98 5
290 338 8 6
291 296 70 8
291 306 40 10
291 315 65 1
291 316 81 10
291 339 98 7
292 293 80 3
292 315 48 2
292 318 5 4
292 335 93 3
293 342 3 1
294 315 40 7
294 328 34 2
294 330 12 7
294 342 27 8
295 335 30 2
295 337 7 7
296 335 83 10
296 342 1 6
298 310 97 1
298 323 70 2
298 345 32 7
299 317 39 9
299 338 19 2
300 311 54 6
300 343 32 5
301 309 63 1
301 319 80 9
301 336 43 1
303 304 29 9
303 314 71 3
304 316 52 10
304 320 34 4
304 327 67 9
304 329 55 6
304 336 88 9
305 307 100 6
306 320 47 6
307 337 64 7
307 343 84 7
308 342 63 1
309 320 66 1
309 332 8 2
309 345 12 9
310 334 31 3
310 342 86 9
312 317 48 5
312 327 9 9
312 339 53 4
314 343 7 2
315 318 27 5
315 322 73 8
316 320 90 1
316 340 2 1
316 342 73 7
317 319 49 9
317 322 56 2
318 319 23 9
318 320 62 6
318 331 40 4
319 333 35 4
319 341 76 7
320 322 59 1
320 337 15 5
321 325 45 5
321 327 58 7
321 331 19 4
321 339 92 4
321 341 40 8
323 335 23 4
323 344 92 4
324 330 24 7
324 338 56 6
324 342 66 3
325 327 76 2
325 329 83 2
325 337 91 2
326 343 52 10
326 344 22 2
327 334 44 7
329 341 39 7
331 341 47 8
333 337 97 5
335 340 40 4
340 344 24 3

0 0 26
1 5 23
2 11 26
3 15 7
4 29 26
5 30 24
6 40 4
7 48 18
8 69 30
9 77 17
10 97 14
11 102 13
12 118 13
13 125 1
14 144 18
15 150 10
16 164 24
17 168 7
18 170 24
19 181 8
20 183 20
21 187 17
22 188 22
23 189 26
24 193 23
25 207 15
26 212 21
27 224 15
28 226 4
29 232 6
30 235 4
31 238 1
32 246 19
33 247 13
34 268 20
35 278 10
36 292 24
37 300 4
38 317 10
39 322 17

