03192207
4557430888798830399
4557430888798830399
03192209
4557430888798830399
4557430888798830399
03192211
4557430888798830399
4557430888798830399
03192212
4557430888798830399
4557430888798830399
03192212
4557430888798830399
4557430888798830399
03192213
4557430888798830399
4557430888798830399
03192214
4557430888798830399
4557430888798830399
03192217
4557430888798830399
4557430888798830399
03192219
4557430888798830399
4557430888798830399
03192220
4557430888798830399
4557430888798830399
03192220
4557430888798830399
4557430888798830399
03192221
4557430888798830399
4557430888798830399
03192224
4557430888798830399
4557430888798830399
03192226
152107
1690573
03192232
03192233
03192234
03192235
03192237
03192237
03192238
03192239
03192239
03192241
03192242
151494
731660
03192253
151353
4557430888798830399
03192303
03200002
03200003
150867
731673
03200005
150546
1389734
03200009
158745
433917
03200011
152877
2015846
03200020
03200021
03200022
03200023
03200029
03200030
03200034
03200034
03200035
156704
03200036
145362
179416
03200038
147573
316502
03200039
147892
4557430888798830399
03200041
147697
411016
03200043
146509
377659
03200047
147123
158642
03200050
147047
158642
03200052
2042
2136
03200053
2042
2136
148765
1692
2111
1967
240121
2089
5864
03200059
2042
2136
147047
1692
2111
1967
158642
2071
5602
03200102
2042
2136
147933
1692
2111
1967
158642
2071
5602
